942 2441.194307
941 2391.676980
940 2606.450495
939 2516.075495
938 2589.087871
937 2570.618812
936 2544.929455
935 2540.394802
934 2612.451733
933 2516.643564
932 2485.300743
931 2645.164604
930 2493.400990
929 2670.325495
928 2432.524752
927 2475.008663
926 2734.404703
925 2528.027228
924 2474.986386
923 2536.793317
922 2467.887376
921 2463.429455
920 2644.633663
919 2548.896040
918 2461.746287
917 2614.794554
916 2665.487624
915 2724.946782
914 2867.300743
913 2812.441832
912 2706.654703
911 2833.628713
910 2664.830446
909 2738.184406
908 2827.709158
907 2540.297030
906 2595.430693
905 2801.847772
904 2376.858911
903 2402.974010
902 2687.481436
901 2466.742574
900 2540.339109
899 2625.073020
898 2360.352723
897 2502.712871
896 2626.595297
895 2395.795792
894 2422.884901
893 2712.168317
892 2458.469059
891 2551.665842
890 2729.825495
889 2559.297030
888 2582.563119
887 2692.690594
886 2445.471535
885 2579.992574
884 2704.642327
883 2659.543317
882 2508.289604
881 2719.914604
880 2531.707921
879 2409.094059
878 2709.923267
877 2453.611386
876 2455.278465
875 2595.158416
874 2786.228960
873 2635.814356
872 2661.428218
871 2813.475248
870 2789.461634
869 2845.866337
868 2753.483911
867 2822.868812
866 2760.280941
865 2748.584158
864 2715.038366
863 2825.858911
862 2721.922030
861 2759.207921
860 2805.500000
859 2550.919554
858 2660.496287
857 2829.441832
856 2469.143564
855 2538.464109
854 2647.334158
853 2390.860149
852 2525.393564
851 2696.568069
850 2516.175743
849 2528.490099
848 2688.334158
847 2529.868812
846 2453.221535
845 2672.961634
844 2422.945545
843 2502.509901
842 2668.152228
841 2402.043317
840 2429.605198
839 2691.493812
838 2680.252475
837 2582.227723
836 2678.321782
835 2468.846535
834 2543.235149
833 2716.511139
832 2450.961634
831 2545.147277
830 2616.456683
829 2705.543317
828 2574.103960
827 2737.886139
826 2778.608911
825 2741.704208
824 2897.954208
823 2683.118812
822 2782.559406
821 2902.969059
820 2760.080446
819 4046.569307
818 2855.540842
817 2682.875000
816 2766.964109
815 2892.985149
814 2757.529703
813 2806.121287
812 2675.339109
811 2739.985149
810 2676.772277
809 2713.065594
808 2519.563119
807 2472.741337
806 2701.679455
805 2407.004950
804 2580.701733
803 2610.981436
802 2543.907178
801 2663.001238
800 2637.658416
799 2467.685644
798 2475.565594
797 2606.983911
796 2567.563119
795 2431.931931
794 2611.241337
793 2501.622525
792 2447.404703
791 2701.081683
790 2535.289604
789 2508.508663
788 2711.410891
787 2693.694307
786 2564.794554
785 2742.793317
784 2585.597772
783 2531.132426
782 2815.884901
781 2578.111386
780 2421.023515
779 2857.774752
778 3066.902228
777 2695.175743
776 2748.993812
775 2828.830446
774 2709.222772
773 2873.571782
772 2765.241337
771 2780.831683
770 2809.384901
769 2811.095297
768 2734.173267
767 2797.827970
766 2766.474010
765 2812.625000
764 2848.056931
763 2719.006188
762 2760.653465
761 2696.913366
760 2568.618812
759 2574.180693
758 2766.929455
757 2657.782178
756 2526.582921
755 2742.581683
754 2574.043317
753 2601.461634
752 2694.863861
751 2496.196782
750 2498.073020
749 2622.440594
748 2465.699257
747 2490.846535
746 2591.361386
745 2545.931931
744 2554.308168
743 2575.991337
742 2748.355198
741 2644.248762
740 2639.434406
739 2527.193069
738 2805.577970
737 2662.522277
736 2515.547030
735 2712.600248
734 2828.596535
733 2707.330446
732 2915.112624
731 2746.956683
730 2822.475248
729 2872.524752
728 2774.742574
727 2769.597772
726 2774.575495
725 2724.115099
724 2809.065594
723 2819.035891
722 2800.516089
721 2770.344059
720 2833.420792
719 2541.386139
718 2790.246287
717 2787.066832
716 2565.071782
715 2594.964109
714 2729.753713
713 2614.280941
712 2516.165842
711 2789.196782
710 2590.251238
709 2704.706683
708 2710.331683
707 2672.715347
706 2696.446782
705 2842.123762
704 2620.381188
703 2749.680693
702 2803.561881
701 2867.188119
700 2787.231436
699 2827.922030
698 2897.467822
697 2771.761139
696 2849.314356
695 2839.605198
694 2821.608911
693 2845.183168
692 2849.159653
691 2777.451733
690 2743.070545
689 2639.269802
688 2693.059406
687 2878.476485
686 2637.339109
685 2589.003713
684 2537.356436
683 2465.237624
682 2436.689356
681 2457.153465
680 2455.867574
679 59405.945545
678 45301.584158
677 43131.508663
676 44410.663366
675 2769.400990
674 2747.773515
673 2663.913366
672 2678.584158
671 2717.983911
670 2406.358911
669 2448.367574
668 2428.050743
667 2588.610149
666 3908.566832
665 2814.112624
664 2805.283416
663 2764.986386
662 2942.629950
661 2783.990099
660 2655.628713
659 2378.997525
658 2504.847772
657 2413.934406
656 2491.842822
655 2436.264851
654 2436.460396
653 2425.128713
652 2479.498762
651 2432.835396
650 2442.785891
649 2450.163366
648 2780.367574
647 2743.190594
646 2728.875000
645 2798.851485
644 2790.592822
643 2804.115099
642 2694.051980
641 2685.139851
640 2739.122525
639 2661.829208
638 2738.785891
637 2424.707921
636 2424.392327
635 2411.460396
634 2345.268564
633 2440.761139
632 2451.681931
631 2384.638614
630 2504.300743
629 2449.493812
628 2380.402228
627 2467.165842
626 2358.111386
625 2423.238861
624 2446.612624
623 2374.514851
622 2428.275990
621 2379.021040
620 2463.179455
619 2417.788366
618 2450.884901
617 2467.335396
616 2454.516089
615 2377.623762
614 2629.228960
613 2761.884901
612 2811.964109
611 2819.627475
610 2756.319307
609 2684.821782
608 2690.389851
607 2806.040842
606 2419.268564
605 2453.107673
604 2461.761139
603 2417.044554
602 2434.861386
601 2452.628713
600 2456.035891
599 2433.626238
598 2412.194307
597 2447.889851
596 2348.529703
595 2416.543317
594 2439.016089
593 2438.525990
592 2455.914604
591 2480.875000
590 2416.209158
589 2468.676980
588 2402.662129
587 2435.559406
586 2491.325495
585 2379.457921
584 2492.660891
583 2368.586634
582 2441.450495
581 2420.571782
580 2430.394802
579 2419.931931
578 2482.378713
577 2403.987624
576 2483.804455
575 2342.472772
574 2454.081683
573 2470.066832
572 2378.219059
571 2420.939356
570 2464.725248
569 2435.347772
568 2396.126238
567 2409.258663
566 2470.017327
565 2514.306931
564 2389.952970
563 2782.076733
562 2778.665842
561 2762.799505
560 2821.639851
559 2504.412129
558 2433.323020
557 2481.139851
556 2408.449257
555 2381.845297
554 2485.059406
553 2401.032178
552 2520.200495
551 2771.592822
550 2730.503713
549 2708.069307
548 2691.418317
547 2422.352723
546 2437.095297
545 2456.400990
544 2405.169554
543 2448.295792
542 2447.903465
541 2421.600248
540 2461.667079
539 2442.946782
538 2474.815594
537 2419.944307
536 2391.347772
535 2526.014851
534 2413.241337
533 2459.644802
532 2433.941832
531 2459.870050
530 2431.039604
529 2319.772277
528 2429.413366
527 2496.850248
526 2410.503713
525 2460.221535
524 2436.393564
523 2449.443069
522 2440.318069
521 2416.426980
520 2468.773515
519 2444.420792
518 2417.704208
517 2441.305693
516 2460.030941
515 2446.101485
514 2444.123762
513 2437.568069
512 2422.730198
511 2487.222772
510 2406.236386
509 2427.152228
508 2454.532178
507 2453.974010
506 2469.945545
505 2413.037129
504 2475.712871
503 2454.147277
502 2355.207921
501 2493.264851
500 2353.627475
499 2429.160891
498 2463.756188
497 2394.840347
496 2419.990099
495 2417.652228
494 2481.294554
493 2487.631188
492 2435.883663
491 2471.738861
490 2446.363861
489 2346.334158
488 2521.085396
487 2440.865099
486 2458.164604
485 2418.108911
484 2447.560644
483 2450.497525
482 2384.909653
481 2423.336634
480 2444.525990
479 2398.691832
478 2447.127475
477 2427.717822
476 2398.560644
475 2507.990099
474 2415.253713
473 2467.025990
472 2432.174505
471 2444.500000
470 2460.154703
469 2414.250000
468 2463.995050
467 2415.810644
466 2450.738861
465 2446.596535
464 2740.605198
463 2390.782178
462 2424.504950
461 2458.371287
460 2393.180693
459 2499.480198
458 2435.903465
457 2471.628713
456 2383.721535
455 2371.601485
454 2427.538366
453 2444.290842
452 2445.607673
451 2477.865099
450 2418.559406
449 2376.634901
448 2446.955446
447 2380.659653
446 2441.919554
445 2441.241337
444 2435.428218
443 2380.856436
442 2401.195545
441 2743.733911
440 2761.675743
439 2789.627475
438 2783.855198
437 2483.683168
436 2343.076733
435 2397.803218
434 2383.408416
433 2476.972772
432 2444.550743
431 2465.545792
430 2457.820545
429 3587.638614
428 2413.204208
427 2390.391089
426 2448.263614
425 2416.105198
424 2440.007426
423 2415.681931
422 2438.029703
421 2392.363861
420 2381.638614
419 2475.540842
418 2414.486386
417 2416.379950
416 2380.861386
415 2436.586634
414 2549.018564
413 2432.136139
412 2432.196782
411 2443.366337
410 2422.815594
409 2459.149752
408 2454.285891
407 2470.649752
406 2450.731436
405 2454.155941
404 2415.814356
403 2434.934406
402 2466.680693
401 2400.050743
400 2480.066832
399 2417.675743
398 2451.758663
397 2443.775990
396 2332.330446
395 2421.998762
394 2442.704208
393 2441.228960
392 2473.940594
391 2427.422030
390 2466.853960
389 3480.902228
388 2379.034653
387 2391.688119
386 2451.599010
385 2412.908416
384 2714.731436
383 2938.555693
382 2623.099010
381 2364.136139
380 2369.115099
379 2425.716584
378 2395.210396
377 2374.967822
376 2445.469059
375 2340.384901
374 2360.425743
373 2414.337871
372 2444.622525
371 2367.560644
370 2377.462871
369 2513.202970
368 2686.924505
367 2466.883663
366 2749.048267
365 2387.257426
364 2393.639851
363 2316.497525
362 2435.504950
361 2496.384901
360 2754.287129
359 2749.106436
358 2384.117574
357 2387.079208
356 2395.820545
355 2364.824257
354 2367.782178
353 2368.034653
352 2627.118812
351 2796.763614
350 2614.377475
349 2362.175743
348 2391.199257
347 2392.021040
346 2554.601485
345 2637.353960
344 2451.581683
343 2401.837871
342 2650.616337
341 2751.693069
340 2580.040842
339 2444.048267
338 2417.834158
337 2382.961634
336 2372.320545
335 2417.753713
334 2439.756188
333 2403.543317
332 2427.852723
331 2399.321782
330 2387.752475
329 2609.424505
328 2569.649752
327 2462.540842
326 2417.847772
325 2471.248762
324 2699.412129
323 2785.261139
322 2550.184406
321 2499.131188
320 2327.941832
319 2419.001238
318 2439.025990
317 2408.133663
316 2397.990099
315 2430.756188
314 2389.674505
313 2389.382426
312 2636.092822
311 2393.139851
310 2414.300743
309 2546.335396
308 2422.090347
307 2697.404703
306 2544.899752
305 2427.500000
304 2370.730198
303 2409.461634
302 2394.983911
301 2728.179455
300 2600.001238
299 2549.964109
298 2443.690594
297 2390.549505
296 2408.084158
295 2451.095297
294 2396.209158
293 2361.641089
292 2400.931931
291 2567.303218
290 2393.327970
289 2403.684406
288 2709.563119
287 2669.360149
286 2650.558168
285 2906.902228
284 2805.131188
283 2573.961634
282 2486.716584
281 127771.190594
280 95227.456683
279 115286.617574
278 96167.378713
277 88735.205446
276 91739.773515
275 88795.589109
274 88735.920792
273 88695.705446
272 112241.664604
271 93304.418317
270 52849.044554
269 37582.511139
268 43250.110149
267 52750.954208
266 41694.961634
265 41736.414604
264 52791.904703
263 46587.346535
262 41719.396040
261 42014.923267
260 41466.441832
259 43131.012376
258 75001.394802
257 52690.508663
256 46639.080446
255 41672.569307
254 41785.775990
253 41664.184406
252 52788.081683
251 54176.025990
250 52815.464109
249 69202.899752
248 41379.304455
247 52652.543317
246 52773.106436
245 58152.983911
244 47408.438119
243 52813.165842
242 54198.304455
241 45366.365099
240 54206.970297
239 52793.622525
238 52807.642327
237 52814.966584
236 52733.547030
235 52780.169554
234 51315.355198
233 55224.179455
232 52771.049505
231 54201.451733
230 52799.061881
229 52794.587871
228 52860.527228
227 52729.325495
226 46775.681931
225 52802.285891
224 52750.164604
223 54228.801980
222 52841.957921
221 52713.902228
220 41737.008663
219 63720.407178
218 46758.138614
217 52810.403465
216 52755.310644
215 53718.695545
214 53178.735149
213 52796.620050
212 69254.731436
211 41187.969059
210 52770.919554
209 52834.431931
208 52787.658416
207 52827.483911
206 54164.315594
205 41793.038366
204 52729.222772
203 57872.153465
202 58128.777228
201 47423.777228
200 52800.454208
199 52747.127475
198 52813.393564
197 61174.905941
196 45317.618812
195 54220.964109
194 58192.116337
193 47385.090347
192 52726.555693
191 52802.321782
190 41762.623762
189 54058.268564
188 45492.523515
187 54240.949257
186 52736.379950
185 52802.586634
184 52795.855198
183 52756.440594
182 52825.591584
181 46798.335396
180 52741.454208
179 52792.648515
178 54242.341584
177 58201.357673
176 47384.527228
175 41682.629950
174 46184.178218
173 53456.180693
172 52822.873762
171 52709.435644
170 54244.842822
169 52824.962871
168 52741.814356
167 63862.045792
166 57607.971535
165 52759.318069
164 52771.043317
163 52828.998762
162 52819.945545
161 50080.009901
160 52767.480198
159 46833.690594
158 52790.346535
157 52771.660891
156 58152.939356
155 47412.733911
154 52762.488861
153 54194.679455
152 52832.523515
151 45313.017327
150 54236.550743
149 52750.767327
148 52846.706683
147 52813.444307
146 54259.650990
145 63718.840347
144 46920.049505
143 52752.016089
142 54134.498762
141 52845.584158
140 52762.195545
139 58215.339109
138 47414.356436
137 63690.740099
136 46865.273515
135 52792.981436
134 54222.688119
133 58208.764851
132 57591.142327
131 58265.827970
130 47282.678218
129 54212.758663
128 59743.564356
127 52738.960396
126 52848.378713
125 63258.877475
124 55641.629950
123 63823.507426
122 59056.523515
121 50922.059406
120 50699.417079
119 61727.271040
118 58912.357673
117 120934.642327
116 59041.996287
115 52820.482673
114 52699.315594
113 52846.019802
112 65273.797030
111 55923.600248
110 52728.967822
109 59440.118812
108 52759.980198
107 47446.688119
106 52809.602723
105 52698.912129
104 63784.288366
103 57489.564356
102 59655.264851
101 52761.506188
100 54242.042079
99 52759.961634
98 52802.253713
97 63839.617574
96 57366.894802
95 52822.735149
94 52751.340347
93 58214.275990
92 48772.561881
91 52807.637376
90 52787.980198
89 54107.094059
88 56067.508663
87 52743.095297
86 52811.931931
85 74192.070545
84 56950.798267
83 63820.569307
82 57386.397277
81 53558.924505
80 48338.350248
79 74665.793317
78 46200.425743
77 63569.681931
76 79739.266089
75 88022.772277
74 72906.662129
73 77917.689356
72 54389.048267
71 81529.274752
70 77473.159653
69 58282.832921
68 52285.582921
67 63340.882426
66 51142.274752
65 63778.481436
64 54143.537129
63 58287.855198
62 47365.040842
61 52720.054455
60 63857.761139
59 65626.550743
58 96007.400990
57 65922.266089
56 55993.894802
55 63871.440594
54 57376.273515
53 52267.870050
52 63787.465347
51 64302.344059
50 56243.566832
49 53948.361386
48 52000.775990
47 51546.694307
46 119018.316832
45 74888.631188
44 60599.425743
43 48640.803218
42 74868.089109
41 59328.972772
40 49719.834158
39 63760.007426
38 61588.766089
37 48512.091584
36 52340.650990
35 62495.118812
34 56240.094059
33 61446.290842
32 59729.070545
31 69248.632426
30 87338.727723
29 120833.686881
28 49093.275990
27 53557.501238
26 52757.092822
25 52742.731436
24 52813.581683
23 65250.922030
22 56296.377475
21 52683.908416
20 53541.169554
19 51955.625000
18 61320.060644
17 56765.853960
16 57694.772277
15 54604.648515
14 54186.522277
13 58101.737624
12 50049.498762
11 64801.233911
10 51752.045792
9 74832.393564
8 54596.030941
7 58066.030941
6 46776.527228
5 52136.142327
4 52591.487624
3 62437.279703
2 99327.966584
1 54832.147277
