19969
19435
19996
19992
20011
19986
19993
19976
20004
19979
20076
20935
19991
20001
19992
20008
19976
19994
20001
19959
20001
20005
19975
19997
20001
19981
20018
20973
20001
19992
21530
20434
20002
19987
19996
19995
20005
19978
19997
19989
19996
19999
20008
19964
19989
19995
22011
19967
19996
20002
19985
20055
19929
19990
20016
19973
20063
19926
20008
20973
20014
20034
19924
19987
19992
20011
20054
19922
19993
20007
19988
20054
19925
19992
19982
21010
20080
19899
19995
20006
19976
19989
20012
20035
19924
20000
19972
20013
19977
24017
19973
20984
20020
19971
20001
19990
19999
20006
19974
20006
