41080
39455
39970
39979
39996
40997
39984
39993
39976
40003
39980
39985
40007
43988
39979
39992
40015
39972
39990
40001
39999
40998
40966
39997
39986
39972
39995
40039
39942
40968
40009
41987
39978
44987
39988
40012
40039
39912
39951
39999
39994
40001
40005
39989
39972
41002
40035
43003
40991
39884
39991
39981
39966
41065
39940
39980
40003
40029
39940
39996
39986
40997
40006
43977
39970
39998
39972
39994
40051
40971
39950
39999
39962
39995
40002
39980
40007
39971
40002
40002
39983
39983
40043
39960
39960
40985
39991
40008
39972
40001
39991
39995
40039
40926
40024
39977
39982
39970
40048
39953
