159483
160448
159982
160978
159999
167997
160988
159985
159977
167975
162985
170111
159860
160988
159985
160989
159999
165145
159827
160977
159989
160974
159992
160002
159977
160980
159968
161005
159984
164990
159986
160986
160012
160959
159988
160985
159990
160982
159989
160991
159983
159973
164002
160979
159977
160999
159986
160976
159986
160998
159972
160993
159997
159984
163982
161006
159966
160982
161989
160987
159974
160988
159977
161004
159980
160985
159975
164999
159975
160988
161981
161051
159928
159978
160022
160957
159987
160994
159976
164991
159986
160977
159998
159984
160013
160951
160000
160977
159982
160982
160001
160983
163979
160989
159988
160989
160034
160937
159991
160979
