79931
80374
79984
83966
81003
79990
80992
80019
79925
82042
79955
82110
81847
79993
80959
79984
79989
83012
80992
95963
79970
80993
80980
86996
79993
82037
84918
84002
80969
80020
80964
79994
80001
82018
81023
81908
79991
84022
83007
79947
79975
79989
80990
79984
79977
80022
81143
81820
80978
80039
81161
80797
87986
84992
87538
80397
84967
83632
96058
80289
79973
94142
166828
80975
81721
80269
80980
81028
79957
79990
80996
79994
79997
81004
80980
84001
79984
79999
80215
79769
79992
81983
80006
80006
79982
79989
80996
80018
79972
79984
81002
81984
80469
79534
80990
79995
80030
79943
80009
79994
