69081
94362
55039
99984
96908
159145
109844
128997
100973
171992
147025
87993
150005
150938
131973
132021
135992
98975
143002
89936
151016
115993
124986
105936
133991
98970
142053
90990
151002
149944
132005
130942
135994
98978
143034
90924
150053
115944
124994
106955
134046
97972
142991
90980
151023
150949
130985
130989
134981
96143
141993
89838
150981
115256
124842
111861
133992
98961
142010
90928
150046
149940
131014
136973
137197
95938
141868
87906
150202
112786
126995
107251
132718
98930
143066
89953
150214
149708
132016
132996
135957
99017
143005
90952
151013
114987
125980
106981
134000
96970
142996
89987
150988
149980
130991
131960
137017
97975
141992
89985
