110211
199449
184006
153919
182041
154824
177029
150944
182002
153909
182040
153946
186022
153971
182998
153940
182057
153925
182010
154984
181992
152958
182032
154992
185964
154979
181985
153974
182029
153949
183000
152995
182001
152938
182046
158962
183000
152967
182051
153912
184013
153979
180972
153992
180980
153976
183031
156954
182008
152956
182013
152956
182030
153946
183001
154000
181984
151957
182046
156958
182043
152937
182034
157994
216960
201001
135960
201010
136975
206020
130940
213056
131938
201954
135965
210277
132678
200019
136947
202011
136933
203052
136947
207027
136929
203038
135971
201009
134902
202052
136927
201056
137985
198966
140960
201025
134912
201043
135981
201994
