62170
85373
53021
84994
84936
84999
130023
140989
78981
149946
124254
123764
121985
102974
120947
98967
125996
93960
130046
90910
134015
85965
138062
86918
143045
76981
146971
107951
117985
101981
121977
97987
125979
93996
130005
89995
134982
87003
137974
81997
143120
113865
127974
150978
104993
119987
101000
124010
95968
128003
91978
130998
91032
135947
84982
140977
79993
145001
79995
147955
105005
120000
99980
124001
96988
128004
91981
131996
86991
137003
83987
141999
80987
144988
75994
148013
107975
118989
100989
123987
95987
127014
92959
131016
87977
135985
84986
139992
78999
144994
76992
147985
103986
120044
134942
124994
127002
94966
130979
91006
