87020
69061
142035
144958
151998
105957
167048
122924
160119
148909
176990
143937
113963
158007
131034
140961
113962
157987
131004
140983
112982
157995
129997
142047
148924
141990
167010
120968
150002
106026
240956
122985
149993
105968
165995
121985
150026
108979
164983
121993
149988
103971
167003
123005
149990
103975
166000
122987
149001
106980
166018
121975
154006
104968
167024
120942
148996
105981
166052
121947
150970
105991
167023
122963
149999
105999
167032
156936
142991
162002
129984
142002
112986
158011
128981
141050
112992
157910
130995
141002
112990
163005
130962
142004
111994
158986
131001
141000
113966
158996
129972
143036
114952
158007
130989
142060
149950
142959
167037
121937
