  2.131
  2.427
  2.854
  2.418
  2.401
  2.294
  2.787
  3.051
  2.702
  2.532
  2.669
  3.101
  2.306
  2.914
  2.185
  2.346
  2.537
  2.667
  2.488
  2.210
  2.891
  2.539
  3.137
  2.618
  3.089
  2.461
  3.067
  2.668
  2.998
  2.551
  2.733
  2.364
  3.174
  2.682
  3.024
  2.749
  3.112
  2.708
  2.467
  2.869
  2.721
  3.153
  2.513
  2.947
  2.571
  2.477
  3.074
  2.254
  2.585
  2.904
  2.414
  2.432
  2.643
  2.579
  2.411
  2.801
  2.749
  2.713
  2.614
  2.032
  2.985
  2.651
  3.087
  2.133
 21.621
 15.042
 16.742
 15.419
 10.986
 17.095
 15.508
 14.804
 10.423
 21.006
 14.579
 19.947