0 0.004202 0.995798 0.000000 1774 1100 2
1 0.073126 0.926874 0.000000 3255 2100 2
0 0.076364 0.923636 0.000000 375 3100 2
1 0.228788 0.771212 0.000000 160 4100 2
1 0.693373 0.306627 0.000000 50 5100 2
1 0.808647 0.191353 0.000000 48 6100 1
2 0.860929 0.139071 0.000000 52 7100 1
2 0.890773 0.109227 0.000000 73 8100 1
2 0.909894 0.090106 0.000000 137 9100 1
4 0.923273 0.076727 0.000000 118 10100 1
4 0.933290 0.066710 0.000000 81 11100 1
4 0.940993 0.059007 0.000000 82 12100 1
6 0.947101 0.052899 0.000000 85 13100 1
6 0.952064 0.047936 0.000000 88 14100 1
6 0.956175 0.043825 0.000000 84 15100 1
8 0.959637 0.040363 0.000000 92 16100 0
8 0.962592 0.037408 0.000000 88 17100 0
8 0.965075 0.034925 0.000000 148 18100 0
11 0.967241 0.032759 0.000000 105 19100 0
11 0.969208 0.030792 0.000000 91 20100 0
11 0.970951 0.029049 0.000000 86 21100 0
14 0.972508 0.027492 0.000000 95 22100 0
14 0.973906 0.026094 0.000000 89 23100 0
14 0.975169 0.024831 0.000000 92 24100 0
17 0.976316 0.023684 0.000000 92 25100 0
17 0.977361 0.022639 0.000000 93 26100 0
17 0.978318 0.021682 0.000000 86 27100 0
20 0.979197 0.020803 0.000000 97 28100 0
20 0.980008 0.019992 0.000000 93 29100 0
20 0.980758 0.019242 0.000000 95 30100 0
23 0.981453 0.018547 0.000000 92 31100 0
23 0.982100 0.017900 0.000000 93 32100 0
23 0.982704 0.017296 0.000000 88 33100 0
26 0.983268 0.016732 0.000000 94 34100 0
26 0.983797 0.016203 0.000000 92 35100 0
26 0.984293 0.015707 0.000000 93 36100 0
28 0.984759 0.015241 0.000000 88 37100 -1
28 0.985199 0.014801 0.000000 97 38100 -1
