0 0.002096 0.997904 0.000000 1756 1100
1 0.088608 0.911392 0.000000 3272 2100
1 0.098039 0.901961 0.000000 391 3100
1 0.098039 0.901961 0.000000 48 4100
1 0.098039 0.901961 0.000000 52 5100
1 0.098039 0.901961 0.000000 28 6100
1 0.098039 0.901961 0.000000 28 7100
1 0.101064 0.898936 0.000000 99 8100
1 0.101064 0.898936 0.000000 28 9100
1 0.101064 0.898936 0.000000 28 10100
1 0.101064 0.898936 0.000000 30 11100
1 0.101064 0.898936 0.000000 28 12100
1 0.101064 0.898936 0.000000 28 13100
1 0.101064 0.898936 0.000000 33 14100
1 0.101064 0.898936 0.000000 28 15100
1 0.101064 0.898936 0.000000 33 16100
1 0.102655 0.897345 0.000000 64 17100
1 0.102655 0.897345 0.000000 82 18100
1 0.103327 0.896673 0.000000 250 19100
1 0.103327 0.896673 0.000000 106 20100
1 0.104895 0.895105 0.000000 65 21100
1 0.121368 0.878632 0.000000 404 22100
1 0.121368 0.878632 0.000000 75 23100
1 0.121368 0.878632 0.000000 89 24100
1 0.125212 0.874788 0.000000 123 25100
2 0.639218 0.360782 0.000000 35 26100
2 0.787505 0.212495 0.000000 28 27100
2 0.849403 0.150597 0.000000 28 28100
2 0.883375 0.116625 0.000000 30 29100
2 0.904841 0.095159 0.000000 28 30100
2 0.919633 0.080367 0.000000 28 31100
3 0.930445 0.069555 0.000000 52 32100
3 0.938693 0.061307 0.000000 52 33100
3 0.945192 0.054808 0.000000 51 34100
3 0.950446 0.049554 0.000000 52 35100
3 0.954780 0.045220 0.000000 51 36100
3 0.958417 0.041583 0.000000 51 37100
4 0.961438 0.038562 0.000000 60 38100
4 0.964110 0.035890 0.000000 58 39100
4 0.966436 0.033564 0.000000 58 40100
4 0.968478 0.031522 0.000000 61 41100
4 0.970286 0.029714 0.000000 59 42100
4 0.971898 0.028102 0.000000 59 43100
5 0.973344 0.026656 0.000000 63 44100
5 0.974649 0.025351 0.000000 63 45100
5 0.975832 0.024168 0.000000 63 46100
5 0.976909 0.023091 0.000000 64 47100
5 0.977894 0.022106 0.000000 63 48100
5 0.978799 0.021201 0.000000 64 49100
8 0.979633 0.020367 0.000000 99 50100
6 0.980138 0.019862 0.000000 304 51100
6 0.980644 0.019356 0.000000 335 52100
1 0.980843 0.019157 0.000000 78 53100
1 0.980843 0.019157 0.000000 28 54100
1 0.980843 0.019157 0.000000 28 55100
1 0.980843 0.019157 0.000000 30 56100
1 0.980843 0.019157 0.000000 28 57100
