0 0.004184 0.995816 0.000000 1756 1100
9 0.073260 0.926740 0.000000 3199 2100
0 0.079710 0.920290 0.000000 444 3100
0 0.079422 0.920578 0.000000 110 4100
0 0.078571 0.921429 0.000000 369 5100
0 0.078571 0.921429 0.000000 76 6100
0 0.078571 0.921429 0.000000 48 7100
0 0.078292 0.921708 0.000000 184 8100
0 0.078292 0.921708 0.000000 48 9100
0 0.078292 0.921708 0.000000 56 10100
0 0.078153 0.921847 0.000000 187 11100
0 0.078153 0.921847 0.000000 50 12100
0 0.078153 0.921847 0.000000 48 13100
0 0.078153 0.921847 0.000000 49 14100
0 0.078153 0.921847 0.000000 48 15100
0 0.078153 0.921847 0.000000 46 16100
0 0.078153 0.921847 0.000000 50 17100
0 0.078153 0.921847 0.000000 48 18100
0 0.078153 0.921847 0.000000 47 19100
0 0.078153 0.921847 0.000000 50 20100
0 0.082746 0.917254 0.000000 119 21100
1 0.361754 0.638246 0.000000 333 22100
1 0.712246 0.287754 0.000000 50 23100
1 0.814250 0.185750 0.000000 110 24100
2 0.862863 0.137137 0.000000 74 25100
2 0.891309 0.108691 0.000000 69 26100
2 0.909981 0.090019 0.000000 71 27100
2 0.923178 0.076822 0.000000 70 28100
2 0.933001 0.066999 0.000000 73 29100
2 0.940596 0.059404 0.000000 69 30100
2 0.946645 0.053355 0.000000 69 31100
2 0.951576 0.048424 0.000000 70 32100
2 0.955672 0.044328 0.000000 71 33100
3 0.959130 0.040870 0.000000 88 34100
3 0.962087 0.037913 0.000000 81 35100
3 0.964645 0.035355 0.000000 76 36100
3 0.966879 0.033121 0.000000 78 37100
3 0.968848 0.031152 0.000000 80 38100
3 0.970596 0.029404 0.000000 80 39100
3 0.972159 0.027841 0.000000 78 40100
3 0.973563 0.026437 0.000000 80 41100
3 0.974833 0.025167 0.000000 78 42100
