512 2969.2
1024 2694.4
1536 2510.4
2048 2427.1
2560 2396.5
3072 2395.2
3584 2526.2
4096 137537.9
4608 2835.8
5120 2466.9
5632 2468.7
6144 2509.1
6656 2457.7
7168 2467.9
7680 2480.5
8192 205738.3
8704 3018.2
9216 2398.3
9728 2452.8
10240 2403
10752 2518.2
11264 2451.9
11776 2474.9
12288 129988.7
12800 2879.7
13312 2512.1
13824 2412.7
14336 2477.7
14848 2501.2
15360 2468.9
15872 2484.1
16384 117055.6
16896 2905.6
17408 2392.3
17920 2483.2
18432 2452.7
18944 2460
19456 2417.1
19968 2528.2
20480 116161.7
20992 2866.9
21504 2404.1
22016 2366
22528 2423.9
23040 2454
23552 2388.5
24064 2513.1
24576 149847.4
25088 2959.6
25600 2548.8
26112 2478.4
26624 2487.9
27136 2533.8
27648 2425.7
28160 2416.9
28672 120396.3
29184 2909.5
29696 2502.3
30208 2399.5
30720 2434.5
31232 2443.2
31744 2431.1
32256 2452.1
32768 120120.7
33280 2722
33792 2435.3
34304 2423.4
34816 2450.1
35328 2443.5
35840 2424.7
36352 2449.5
36864 137842.7
37376 2815
37888 2376.3
38400 2471.4
38912 2451.5
39424 2420.2
39936 2396.3
40448 2426.2
40960 136901.2
41472 2789.6
41984 2564.1
42496 2436.2
43008 2441.7
43520 2447.5
44032 2439.1
44544 2514.8
45056 306759
45568 2859
46080 2482.4
46592 2451.6
47104 2384.6
47616 2435
48128 3549.2
48640 2381.5
49152 129014
49664 2813.2
50176 2441
50688 2474.6
2 2355
11776  2128 2699 2568 2621 2510 2507 2524 2473 2292 2427
12288  258185 118684 114874 115715 114922 115215 114748 114052 118800 114692
12800  2960 2974 3081 2826 3013 2529 2841 2792 2872 2909
13312  2418 2287 2695 2575 2795 2465 2386 2595 2571 2334
13824  2039 2575 2659 2581 2559 2385 2417 2394 2337 2181
14336  2602 2484 2218 2494 2553 2579 2491 2473 2550 2333
14848  2398 2703 2537 2704 2467 2351 2490 2486 2400 2476
15360  2520 2443 2619 2199 2567 2535 2502 2423 2468 2413
15872  2331 2676 2542 2705 2574 2466 2231 2505 2418 2393
16384  131952 125031 114340 114213 115216 113379 114024 114129 115279 112993
16896  2968 2840 2941 2955 2998 2863 2815 2936 2863 2877
17408  2503 2338 2515 2498 2561 2499 2401 2048 2208 2352
17920  2417 2426 2671 2579 2508 2416 2401 2488 2452 2474
18432  2506 2328 2515 2677 2277 2164 2491 2585 2586 2398
18944  2169 2418 2652 2613 2465 2503 2540 2481 2329 2430
19456  2591 2295 2500 2481 2511 2444 2279 2220 2475 2375
19968  2428 2385 2680 2639 2583 2490 2524 2714 2440 2399
20480  121353 124031 113596 113853 113640 114114 114252 113613 115036 118129
20992  3051 2725 2912 2855 3141 2809 2831 2779 2720 2846
21504  2438 2232 2472 2589 2359 2160 2409 2481 2446 2455
22016  2144 2205 2621 2575 2547 2377 2114 2467 2379 2231
22528  2395 2264 2319 2453 2600 2580 2498 2383 2358 2389
23040  2525 2232 2602 2480 2578 2331 2521 2413 2439 2419
23552  2403 2258 2458 2218 2545 2426 2295 2463 2463 2356
24064  2485 2395 2610 2528 2579 2444 2481 2722 2502 2385
24576  116809 465523 118828 113429 114510 113815 114220 113466 114178 113696
25088  2907 3458 3122 2983 3076 2914 2530 2879 2831 2896
25600  2492 3024 2716 2656 2491 2523 2401 2443 2303 2439
26112  2522 2694 2647 2560 2454 2315 2423 2474 2380 2315
26624  2351 2749 2505 2661 2411 2399 2541 2461 2505 2296
27136  2413 2869 2298 2619 2582 2630 2542 2417 2567 2401
27648  2450 2849 2597 2471 2532 2387 2005 2365 2302 2299
28160  2238 2825 2540 2444 2535 2206 2513 2174 2309 2385
28672  117192 131396 115043 154614 114210 113734 115333 114710 114847 112884
29184  2796 2995 3526 2772 3067 2761 2835 2727 2881 2735
29696  2404 2657 2708 2451 2367 2379 2458 2616 2500 2483
30208  2481 2296 2680 2256 2573 2113 2415 2417 2393 2371
30720  2216 2486 2486 2227 2622 2468 2510 2397 2526 2407
31232  2400 2637 2539 2256 2481 2452 2537 2403 2486 2241
31744  2394 2486 2612 2302 2668 2379 2270 2446 2388 2366
32256  2554 2573 2281 2249 2490 2413 2479 2619 2438 2425
32768  134737 118091 113250 129178 114345 114310 115473 133772 114629 113422
33280  2579 2697 2903 2461 3139 2519 2517 2824 2898 2683
33792  2426 2637 2619 2245 2619 2448 2419 2285 2210 2445
34304  2501 2560 2542 2306 2560 2597 2429 2244 2394 2101
34816  2391 2312 2554 2234 2610 2664 2529 2539 2427 2241
35328  2523 2650 2275 2273 2526 2407 2539 2404 2544 2294
35840  2389 2546 2564 2267 2532 2548 2020 2504 2460 2417
36352  2639 2421 2563 2252 2595 2421 2476 2410 2463 2255
36864  118470 116518 114429 121437 295092 136256 114070 133730 114984 113441
37376  2929 2943 2800 2399 3259 2544 2828 2949 2825 2674
37888  2160 2524 2554 2168 2634 2110 2388 2388 2372 2465
38400  2483 2482 2198 3182 2549 2423 2403 2163 2414 2417
38912  2495 2611 2546 2251 2607 2572 2204 2480 2506 2243
39424  2127 2745 2476 2202 2451 2440 2527 2558 2287 2389
39936  2366 2285 2556 2332 2698 2452 2315 2536 2307 2116
40448  2299 2568 2662 2493 2152 2241 2576 2497 2478 2296
40960  116764 117153 113773 119438 125331 115273 115108 114441 318412 113319
41472  2880 2976 2786 2811 2990 2481 2787 2511 3000 2674
41984  2404 2528 2694 2506 2812 2462 2686 2570 2544 2435
42496  2396 2182 2661 2426 2569 2395 2465 2420 2427 2421
43008  2226 2516 2490 2548 2445 2535 2613 2436 2367 2241
43520  2346 2525 2562 2112 2671 2411 2462 2486 2563 2337
44032  2401 2601 2599 2483 2437 2429 2563 2397 2059 2422
44544  2561 2655 2584 2532 2652 2432 2442 2578 2465 2247
45056  117633 117211 1975779 114426 115544 116423 114816 114625 128491 152642
45568  2720 2969 3555 2817 2811 2687 2875 2776 2853 2527
46080  2540 2750 2266 2582 2580 2275 2471 2569 2426 2365
46592  2573 2560 2557 2589 2547 2378 2378 2417 2428 2089
47104  2612 2429 2420 2456 2200 2350 2268 2403 2415 2293
47616  2706 2480 2270 2675 2694 2436 2408 2456 2062 2163
48128  3254 3220 2916 3076 2989 2728 8740 2785 2816 2968
48640  2314 2313 2696 2335 2529 2104 2295 2222 2501 2506
49152  122081 124614 151992 118011 119111 122542 169420 117980 119312 125077
49664  2578 3043 2708 2941 2935 2987 2982 2588 2861 2509
50176  2453 2483 2452 2621 2483 2395 2600 2431 2344 2148
50688  2375 2444 2625 2590 2756 2402 2482 2437 2536 2099
