0 40.476427
10240 22.591811
20480 16.482630
30720 14.985112
40960 15.627792
51200 14.901985
61440 15.239454
71680 14.823821
81920 15.616625
92160 15.240695
102400 15.163772
112640 167.161290
122880 16.321340
133120 14.486352
143360 15.547146
153600 15.191067
163840 15.514888
174080 14.532258
184320 16.119107
194560 15.656328
204800 16.017370
215040 15.125310
225280 15.317618
235520 13.838710
245760 36377.475186
256000 18.684864
266240 8211.009926
276480 15.197270
286720 15.135236
296960 16.827543
307200 14.939206
317440 15.202233
327680 14.859801
337920 14.506203
348160 16.027295
358400 14.782878
368640 314.117866
378880 18.666253
389120 18.107940
399360 14.666253
409600 15.784119
419840 15.904467
430080 15.562035
440320 15.155087
450560 16.117866
460800 15.638958
471040 14.766749
481280 15.157568
491520 14.671216
501760 149.985112
512000 17.873449
522240 14.225806
532480 3028.983871
542720 15.767990
552960 14.760546
563200 14.686104
573440 16.908189
583680 14.574442
593920 14.563275
604160 14.166253
614400 15.147643
624640 13.873449
634880 2918.483871
645120 17.820099
655360 14.665012
665600 13.823821
675840 14.781638
686080 14.233251
696320 15.591811
706560 14.162531
716800 16.331266
727040 14.013648
737280 1027.218362
747520 15.083127
757760 14.863524
768000 807.842432
778240 15.573201
788480 14.028536
798720 4526.444169
808960 18.064516
819200 15.248139
829440 14.209677
839680 16.026055
849920 15.740695
860160 15.171216
870400 14.337469
880640 15.483871
890880 14.717122
901120 3625.859801
911360 94.256824
921600 14.638958
931840 17.000000
942080 15.436725
952320 13.971464
962560 14.947891
972800 15.023573
983040 14.712159
993280 14.236973
1003520 14.791563
1013760 13.837469
1024000 105.518610
1034240 398.581886
1044480 15.579404
