0 40.308075
10240 25.201242
20480 16.638509
30720 16.274534
40960 16.713043
51200 14.952795
61440 16.762733
71680 16.140373
81920 15.484472
92160 16.434783
102400 16.258385
112640 173.335404
122880 15.593789
133120 15.952795
143360 15.393789
153600 16.114286
163840 16.021118
174080 15.720497
184320 16.786335
194560 19.976398
204800 16.455901
215040 15.645963
225280 15.298137
235520 14.631056
245760 33027.911801
256000 18.356522
266240 8259.062112
276480 17.695652
286720 15.844720
296960 14.766460
307200 16.904348
317440 14.658385
327680 15.678261
337920 16.147826
348160 15.800000
358400 14.842236
368640 335.667081
378880 16.700621
389120 15.944099
399360 15.699379
409600 16.978882
419840 17.114286
430080 16.588820
440320 16.854658
450560 15.581366
460800 14.263354
471040 121.114286
481280 15.865839
491520 16.077019
501760 89.154037
512000 15.681988
522240 15.362733
532480 2942.672050
542720 20.047205
552960 15.427329
563200 15.216149
573440 16.396273
583680 14.824845
593920 15.833540
604160 16.629814
614400 16.514286
624640 16.437267
634880 5066.644720
645120 17.504348
655360 17.798758
665600 14.622360
675840 15.417391
686080 16.663354
696320 15.318012
706560 16.074534
716800 15.060870
727040 15.638509
737280 18.834783
747520 14.555280
757760 15.180124
768000 450.493168
778240 18.134161
788480 15.432298
798720 3102.186335
808960 16.326708
819200 14.952795
829440 15.724224
839680 15.727950
849920 15.849689
860160 16.530435
870400 16.044720
880640 15.191304
890880 14.637267
901120 3210.305590
911360 16.243478
921600 15.162733
931840 16.559006
942080 15.258385
952320 14.787578
962560 15.622360
972800 104.142857
983040 15.314286
993280 14.792547
1003520 14.718012
1013760 297.315528
1024000 801.916770
1034240 15.182609
1044480 15.392547
