0 50.770186
10240 39.377640
20480 17.438509
30720 17.226087
40960 15.770186
51200 16.060870
61440 16.895652
71680 16.592547
81920 17.400000
92160 17.332919
102400 15.662112
112640 190.662112
122880 16.293168
133120 17.556522
143360 19.588820
153600 16.595031
163840 18.324224
174080 21.778882
184320 23.675776
194560 19.895652
204800 16.868323
215040 15.780124
225280 16.585093
235520 14.715528
245760 33420.068323
256000 18.684472
266240 8226.040994
276480 17.065839
286720 15.975155
296960 15.628571
307200 15.809938
317440 16.136646
327680 15.818634
337920 16.346584
348160 15.936646
358400 15.120497
368640 340.018634
378880 16.078261
389120 16.966460
399360 15.140373
409600 15.852174
419840 16.845963
430080 16.606211
440320 16.286957
450560 15.592547
460800 16.398758
471040 117.972671
481280 15.022360
491520 16.411180
501760 209.927950
512000 15.951553
522240 15.177640
532480 2770.993789
542720 18.008696
552960 16.486957
563200 15.422360
573440 16.135404
583680 16.869565
593920 15.570186
604160 15.289441
614400 15.946584
624640 15.737888
634880 1655.267081
645120 15.942857
655360 15.231056
665600 16.716770
675840 15.878261
686080 14.821118
696320 660.233540
706560 4081.294410
716800 15.821118
727040 14.710559
737280 15.274534
747520 16.218634
757760 17.108075
768000 101.274534
778240 15.534161
788480 15.026087
798720 2817.033540
808960 15.094410
819200 15.547826
829440 16.591304
839680 16.098137
849920 15.896894
860160 15.078261
870400 15.403727
880640 15.968944
890880 16.002484
901120 3721.854658
911360 17.336646
921600 18.450932
931840 14.715528
942080 15.804969
952320 15.320497
962560 15.685714
972800 14.795031
983040 15.985093
993280 15.404969
1003520 17.207453
1013760 15.937888
1024000 116.760248
1034240 368.847205
1044480 15.484472
