0 41.324224
10240 16.116770
20480 15.322981
30720 14.759006
40960 15.274534
51200 15.525466
61440 15.848447
71680 15.510559
81920 15.403727
92160 16.218634
102400 15.541615
112640 172.149068
122880 15.705590
133120 15.474534
143360 15.931677
153600 14.555280
163840 16.236025
174080 15.155280
184320 15.349068
194560 15.218634
204800 15.075776
215040 14.663354
225280 16.029814
235520 14.642236
245760 32586.694410
256000 18.318012
266240 8251.032298
276480 16.535404
286720 15.229814
296960 14.970186
307200 15.833540
317440 14.886957
327680 16.004969
337920 14.458385
348160 15.016149
358400 15.480745
368640 327.120497
378880 18.202484
389120 18.040994
399360 16.366460
409600 15.922981
419840 14.724224
430080 15.709317
440320 14.639752
450560 16.593789
460800 16.363975
471040 15.511801
481280 30.595031
491520 16.600000
501760 89.437267
512000 18.037267
522240 14.378882
532480 3014.735404
542720 14.817391
552960 14.724224
563200 16.200000
573440 15.965217
583680 14.865839
593920 16.662112
604160 14.228571
614400 16.129193
624640 15.823602
634880 5133.587578
645120 16.454658
655360 15.495652
665600 14.065839
675840 14.700621
686080 14.349068
696320 15.690683
706560 17.679503
716800 14.817391
727040 15.089441
737280 15.688199
747520 15.001242
757760 15.903106
768000 740.939130
778240 16.130435
788480 14.718012
798720 2786.330435
808960 15.026087
819200 15.277019
829440 15.356522
839680 15.173913
849920 14.739130
860160 15.732919
870400 14.534161
880640 15.111801
890880 15.426087
901120 2109.544099
911360 16.178882
921600 15.218634
931840 14.090683
942080 14.793789
952320 16.349068
962560 238.924224
972800 14.568944
983040 659.739130
993280 1351.817391
1003520 15.472050
1013760 15.298137
1024000 283.949068
1034240 3036.202484
1044480 14548.806211
