0 100 1
1 100 2
2 100 4
3 100 8
4 100 16
5 100 32
6 100 64
7 100 69
8 100 74
9 100 79
10 100 84
11 100 89
12 100 94
13 100 99
14 100 100
15 100 100
16 100 100
17 100 100
18 100 100
19 100 100
20 100 100
21 100 100
22 100 100
23 100 100
24 100 100
25 100 100
26 100 100
27 100 100
28 100 100
29 100 100
30 16 100
31 16 16
32 16 16
33 16 16
34 16 16
35 16 16
36 16 16
37 16 16
38 16 16
39 16 16
40 16 16
41 16 16
42 16 16
43 16 16
44 16 16
45 16 16
46 16 16
47 16 16
48 16 16
49 16 16
50 16 16
51 16 16
52 16 16
53 16 16
54 16 16
55 16 16
56 16 16
57 16 16
58 16 16
59 16 16
60 150 16
61 150 32
62 150 64
63 150 69
64 150 74
65 150 79
66 150 84
67 150 89
68 150 94
69 150 99
70 150 104
71 150 109
72 150 114
73 150 119
74 150 124
75 150 129
76 150 134
77 150 139
78 150 144
79 150 149
80 150 150
81 150 150
82 150 150
83 150 150
84 150 150
85 150 150
86 150 150
87 150 150
88 150 150
89 150 150
90 150 150
91 150 150
92 150 150
93 150 150
94 150 150
95 150 150
96 150 150
97 150 150
98 150 150
99 150 150
