1 0.0001 99 99000000
2 0.0001 98 98000000
3 0.0001 97 97000000
4 0.0001 96 96000000
5 0.0001 95 95000000
6 0.0001 94 94000000
7 0.0001 93 93000000
8 0.0001 92 92000000
9 0.0001 91 91000000
10 0.0001 90 90000000
11 0.0001 89 89000000
12 0.0001 88 88000000
13 0.0001 87 87000000
14 0.0001 86 86000000
15 0.0001 85 85000000
16 0.0001 84 84000000
17 0.0001 83 83000000
18 0.0001 82 82000000
19 0.0001 81 81000000
20 0.0001 80 80000000
21 0.0001 79 79000000
22 0.0001 78 78000000
23 0.0001 77 77000000
24 0.0001 76 76000000
25 0.0001 75 75000000
26 0.0001 74 74000000
27 0.0001 73 73000000
28 0.0001 72 72000000
29 0.0001 71 71000000
30 0.0001 70 70000000
31 0.0001 69 69000000
32 0.0001 68 68000000
33 0.0001 67 67000000
34 0.0001 66 66000000
35 0.0001 65 65000000
36 0.0001 64 64000000
37 0.0001 63 63000000
38 0.0001 62 62000000
39 0.0001 61 61000000
40 0.0001 60 60000000
41 0.0001 59 59000000
42 0.0001 58 58000000
43 0.0001 57 57000000
44 0.0001 56 56000000
45 0.0001 55 55000000
46 0.0001 54 54000000
47 0.0001 53 53000000
48 0.0001 52 52000000
49 0.0001 51 51000000
50 0.0001 50 50000000
51 0.0001 49 49000000
52 0.0001 48 48000000
53 0.0001 47 47000000
54 0.0001 46 46000000
55 0.0001 45 45000000
56 0.0001 44 44000000
57 0.0001 43 43000000
58 0.0001 42 42000000
59 0.0001 41 41000000
60 0.0001 40 40000000
61 0.0001 39 39000000
62 0.0001 38 38000000
63 0.0001 37 37000000
64 0.0001 36 36000000
65 0.0001 35 35000000
66 0.0001 34 34000000
67 0.0001 33 33000000
68 0.0001 32 32000000
69 0.0001 31 31000000
70 0.0001 30 30000000
71 0.0001 29 29000000
72 0.0001 28 28000000
73 0.0001 27 27000000
74 0.0001 26 26000000
75 0.0001 25 25000000
76 0.0001 24 24000000
77 0.0001 23 23000000
78 0.0001 22 22000000
79 0.0001 21 21000000
80 0.0001 20 20000000
81 0.0001 19 19000000
82 0.0001 18 18000000
83 0.0001 17 17000000
84 0.0001 16 16000000
85 0.0001 15 15000000
86 0.0001 14 14000000
87 0.0001 13 13000000
88 0.0001 12 12000000
89 0.0001 11 11000000
90 0.0001 10 10000000
91 0.0001 9 9000000
92 0.0001 8 8000000
93 0.0001 7 7000000
94 0.0001 6 6000000
95 0.0001 5 5000000
96 0.0001 4 4000000
97 0.0001 3 3000000
98 0.0001 2 2000000
99 0.0001 1 1000000
