512 3.986335
1024 5.437267
1536 4.167702
2048 3.529193
2560 3.524224
3072 3.729193
3584 3.554037
4096 244.319255
4608 4.726708
5120 3.218634
5632 3.782609
6144 3.845963
6656 3.720497
7168 3.489441
7680 3.592547
8192 218.854658
8704 3.918012
9216 3.971429
9728 3.217391
10240 3.621118
10752 3.813665
11264 3.839752
11776 3.839752
12288 223.498137
12800 3.983851
13312 3.535404
13824 3.698137
14336 3.541615
14848 3.561491
15360 4.007453
15872 3.721739
16384 187.832298
16896 3.843478
17408 3.787578
17920 3.506832
18432 3.585093
18944 3.607453
19456 3.780124
19968 4.135404
20480 191.909317
20992 4.480745
21504 3.854658
22016 3.567702
22528 3.677019
23040 3.573913
23552 3.706832
24064 3.829814
24576 187.750311
25088 4.373913
25600 3.745342
26112 3.455901
26624 3.853416
27136 3.582609
27648 3.726708
28160 3.500621
28672 191.640994
29184 4.467081
29696 3.495652
30208 3.770186
30720 3.700621
31232 3.877019
31744 3.602484
32256 3.870807
32768 190.154037
33280 4.770186
33792 3.408696
34304 3.499379
34816 3.559006
35328 3.535404
35840 3.900621
36352 3.576398
36864 191.881988
37376 4.355280
37888 3.720497
38400 3.696894
38912 3.479503
39424 3.508075
39936 3.670807
40448 3.888199
40960 191.402484
41472 4.371429
41984 3.474534
42496 3.592547
43008 3.043478
43520 3.285714
44032 3.703106
44544 3.449689
45056 183.196273
45568 4.513043
46080 3.704348
46592 3.442236
47104 3.530435
47616 3.508075
48128 3.595031
48640 3.081988
49152 191.653416
49664 4.506832
50176 3.704348
50688 3.447205
