512 4.734161
1024 9.288199
1536 3.304348
2048 3.086957
2560 3.137888
3072 3.222360
3584 3.950311
4096 285.263354
4608 3.713043
5120 3.254658
5632 3.055901
6144 3.139130
6656 3.195031
7168 3.190062
7680 3.111801
8192 182.324224
8704 3.519255
9216 3.152795
9728 3.049689
10240 3.029814
10752 3.240994
11264 3.022360
11776 3.392547
12288 182.293168
12800 3.674534
13312 3.131677
13824 3.483230
14336 3.134161
14848 3.279503
15360 3.342857
15872 3.165217
16384 197.653416
16896 3.677019
17408 3.172671
17920 3.032298
18432 3.083230
18944 3.252174
19456 3.238509
19968 3.077019
20480 193.004969
20992 3.662112
21504 3.204969
22016 3.200000
22528 3.294410
23040 3.386335
23552 3.131677
24064 3.231056
24576 214.313043
25088 3.995031
25600 3.130435
26112 3.231056
26624 3.067081
27136 2.957764
27648 3.135404
28160 3.243478
28672 179.139130
29184 3.550311
29696 3.474534
30208 3.033540
30720 3.403727
31232 3.690683
31744 3.228571
32256 3.134161
32768 192.664596
33280 3.854658
33792 3.182609
34304 3.392547
34816 3.163975
35328 3.340373
35840 3.170186
36352 3.144099
36864 192.163975
37376 3.433540
37888 3.050932
38400 3.036025
38912 3.018634
39424 3.043478
39936 3.402484
40448 2.995031
40960 198.681988
41472 3.746584
41984 3.177640
42496 3.167702
43008 3.319255
43520 3.431056
44032 3.221118
44544 3.383851
45056 186.650932
45568 3.719255
46080 3.197516
46592 3.038509
47104 3.018634
47616 3.208696
48128 3.304348
48640 3.185093
49152 189.879503
49664 4.255901
50176 3.151553
50688 3.195031
