512 4.05698028
1024 5.65168922
1536 3.69944768
2048 3.54774973
2560 3.51883145
3072 3.52512848
3584 3.57541517
4096 279.99626496
4608 4.26191341
5120 3.51102939
5632 3.50493933
6144 3.51378826
6656 3.49279707
7168 3.50673147
7680 3.50691579
8192 202.87480305
8704 4.19262171
9216 3.51387178
9728 3.43317794
10240 3.48368889
10752 3.51068439
11264 3.49902482
11776 3.52438916
12288 200.87541302
12800 4.19382197
13312 3.71202698
13824 3.4632858
14336 3.47038643
14848 3.47303586
15360 3.51536144
15872 3.48458972
16384 196.96871039
16896 4.19971046
17408 3.49788797
17920 3.68093762
18432 3.46120618
18944 3.49460859
19456 3.47646491
19968 3.48948237
20480 201.39936352
20992 4.19151987
21504 3.48951821
22016 3.47825997
22528 3.46377221
23040 3.48360235
23552 3.46984256
24064 3.49898338
24576 199.28974786
25088 4.41341348
25600 3.5004761
26112 3.46340219
26624 3.4976086
27136 3.4890712
27648 3.49448051
28160 3.45322768
28672 214.71479328
29184 4.24109289
29696 3.49454717
30208 3.51632213
30720 3.51806402
31232 3.49857333
31744 3.50360448
32256 3.49360445
32768 203.61003897
33280 4.24695781
33792 3.50177583
34304 3.49415692
34816 3.49967204
35328 3.51017361
35840 3.49182334
36352 3.43812139
36864 200.44327907
37376 4.27202282
37888 3.51755654
38400 3.50368047
38912 3.48438223
39424 3.50608021
39936 3.4718086
40448 3.50920029
40960 204.28474788
41472 4.24312877
41984 3.5053662
42496 3.47334939
43008 3.50552486
43520 3.48636164
44032 3.48975875
44544 3.43598643
45056 187.26575239
45568 4.24074717
46080 3.49922119
46592 3.47674167
47104 3.47438471
47616 3.64782828
48128 3.5072658
48640 3.47055542
49152 196.73043386
49664 4.24301712
50176 3.47879248
50688 3.44905346
