512 3.643921
1024 6.369727
1536 4.052109
2048 3.538462
2560 3.619107
3072 3.519851
3584 3.722084
4096 227.488834
4608 4.078164
5120 3.607940
5632 3.356079
6144 3.415633
6656 3.812655
7168 3.506203
7680 3.601737
8192 177.359801
8704 4.238213
9216 3.590571
9728 3.511166
10240 3.538462
10752 3.405707
11264 3.473945
11776 3.521092
12288 191.253102
12800 4.425558
13312 3.459057
13824 3.022333
14336 3.403226
14848 3.436725
15360 3.452854
15872 3.369727
16384 190.769231
16896 4.599256
17408 3.581886
17920 3.512407
18432 3.199752
18944 3.766749
19456 3.227047
19968 3.507444
20480 191.725806
20992 4.294045
21504 3.064516
22016 3.299007
22528 3.323821
23040 3.343672
23552 3.266749
24064 3.517370
24576 192.548387
25088 4.096774
25600 3.133995
26112 3.405707
26624 3.537221
27136 3.011166
27648 3.466501
28160 3.234491
28672 193.915633
29184 4.122829
29696 3.406948
30208 3.369727
30720 3.425558
31232 3.502481
31744 3.183623
32256 2.968983
32768 192.468983
33280 4.238213
33792 3.088089
34304 3.558313
34816 3.586849
35328 3.547146
35840 3.542184
36352 3.636476
36864 191.941687
37376 4.145161
37888 3.403226
38400 3.423077
38912 3.566998
39424 3.543424
39936 3.136476
40448 3.576923
40960 193.595533
41472 4.228288
41984 3.425558
42496 3.559553
43008 3.543424
43520 3.204715
44032 3.516129
44544 3.420596
45056 183.503722
45568 4.208437
46080 3.488834
46592 3.534739
47104 3.457816
47616 3.492556
48128 3.492556
48640 3.136476
49152 192.308933
49664 4.384615
50176 3.526055
50688 3.497519
