512 3.781366
1024 5.418634
1536 3.474534
2048 3.547826
2560 3.609938
3072 3.575155
3584 3.629814
4096 223.828571
4608 4.436025
5120 3.452174
5632 3.494410
6144 3.713043
6656 3.837267
7168 3.561491
7680 3.577640
8192 192.706832
8704 4.427329
9216 3.755280
9728 3.809938
10240 3.679503
10752 3.690683
11264 3.757764
11776 3.714286
12288 188.812422
12800 4.494410
13312 3.844720
13824 3.796273
14336 3.716770
14848 3.773913
15360 3.678261
15872 3.694410
16384 188.947826
16896 4.444720
17408 3.590062
17920 3.540373
18432 3.562733
18944 3.611180
19456 3.566460
19968 3.588820
20480 191.368944
20992 4.403727
21504 3.547826
22016 3.708075
22528 3.360248
23040 3.531677
23552 3.477019
24064 3.304348
24576 191.788820
25088 4.761491
25600 3.509317
26112 3.477019
26624 3.614907
27136 3.593789
27648 3.581366
28160 3.265839
28672 189.812422
29184 4.508075
29696 3.761491
30208 3.614907
30720 3.627329
31232 3.614907
31744 3.603727
32256 3.621118
32768 209.403727
33280 3.680745
33792 3.544099
34304 3.450932
34816 3.645963
35328 3.670807
35840 3.718012
36352 3.621118
36864 200.914286
37376 3.913043
37888 3.653416
38400 3.426087
38912 3.628571
39424 3.634783
39936 3.417391
40448 3.780124
40960 175.664596
41472 4.515528
41984 3.711801
42496 3.460870
43008 3.463354
43520 3.118012
44032 3.474534
44544 3.667081
45056 174.000000
45568 4.486957
46080 3.489441
46592 3.607453
47104 3.613665
47616 3.586335
48128 3.597516
48640 3.616149
49152 187.935404
49664 4.011180
50176 3.530435
50688 3.545342
