512 4.286957
1024 5.204969
1536 3.859627
2048 3.592547
2560 3.607453
3072 3.547826
3584 3.571429
4096 188.787578
4608 4.089441
5120 3.537888
5632 3.746584
6144 3.611180
6656 3.667081
7168 3.440994
7680 3.163975
8192 180.402484
8704 4.850932
9216 3.575155
9728 3.503106
10240 3.576398
10752 3.459627
11264 3.439752
11776 3.710559
12288 190.255901
12800 4.491925
13312 3.699379
13824 3.074534
14336 3.551553
14848 3.452174
15360 3.559006
15872 3.454658
16384 190.617391
16896 4.443478
17408 3.640994
17920 3.513043
18432 3.657143
18944 3.580124
19456 3.537888
19968 3.833540
20480 192.144099
20992 4.496894
21504 3.681988
22016 3.438509
22528 3.555280
23040 3.436025
23552 3.513043
24064 3.135404
24576 195.093168
25088 4.396273
25600 3.674534
26112 3.844720
26624 3.581366
27136 3.785093
27648 3.580124
28160 3.542857
28672 187.872050
29184 4.645963
29696 3.674534
30208 3.437267
30720 3.513043
31232 3.534161
31744 4.105590
32256 3.554037
32768 211.362733
33280 4.037267
33792 3.567702
34304 3.629814
34816 3.612422
35328 3.718012
35840 3.458385
36352 3.539130
36864 181.545342
37376 4.515528
37888 3.442236
38400 3.619876
38912 3.575155
39424 3.529193
39936 3.650932
40448 3.060870
40960 181.800000
41472 4.460870
41984 3.479503
42496 3.481988
43008 3.688199
43520 3.258385
44032 3.680745
44544 3.678261
45056 183.360248
45568 4.473292
46080 3.414907
46592 3.689441
47104 3.607453
47616 3.207453
48128 3.668323
48640 3.421118
49152 193.433540
49664 4.196273
50176 3.527950
50688 3.360248
