512 3.949132
1024 4.935484
1536 3.849876
2048 3.718362
2560 3.480149
3072 3.442928
3584 3.585608
4096 323.420596
4608 3.870968
5120 3.152605
5632 3.441687
6144 3.543424
6656 3.653846
7168 3.444169
7680 3.635236
8192 271.569479
8704 3.794045
9216 3.554591
9728 3.428040
10240 3.557072
10752 3.569479
11264 3.492556
11776 3.544665
12288 420.615385
12800 4.529777
13312 3.545906
13824 3.663772
14336 3.580645
14848 3.389578
15360 3.543424
15872 3.296526
16384 209.269231
16896 4.269231
17408 3.589330
17920 3.594293
18432 3.374690
18944 3.401985
19456 3.232010
19968 3.574442
20480 192.797767
20992 4.378412
21504 3.416873
22016 3.619107
22528 3.602978
23040 3.555831
23552 3.542184
24064 3.393300
24576 191.441687
25088 4.512407
25600 3.550868
26112 3.105459
26624 3.560794
27136 3.424318
27648 3.579404
28160 3.229529
28672 502.951613
29184 4.265509
29696 3.693548
30208 3.457816
30720 3.614144
31232 3.466501
31744 3.189826
32256 3.477667
32768 215.736973
33280 4.352357
33792 3.364764
34304 3.609181
34816 3.516129
35328 3.558313
35840 3.554591
36352 3.501241
36864 193.751861
37376 4.366005
37888 3.602978
38400 3.529777
38912 3.483871
39424 3.390819
39936 3.562035
40448 3.516129
40960 188.493797
41472 4.500000
41984 3.518610
42496 3.531017
43008 3.557072
43520 3.730769
44032 3.431762
44544 3.600496
45056 181.578164
45568 4.614144
46080 3.508685
46592 3.616625
47104 3.492556
47616 24.240695
48128 3.799007
48640 3.318859
49152 171.754342
49664 4.069479
50176 3.258065
50688 3.392060
