512 3.788820
1024 5.022360
1536 3.662112
2048 3.582609
2560 3.629814
3072 3.781366
3584 3.898137
4096 191.032298
4608 4.326708
5120 3.681988
5632 3.580124
6144 3.604969
6656 3.157764
7168 3.884472
7680 3.629814
8192 220.614907
8704 4.524224
9216 3.716770
9728 3.762733
10240 3.778882
10752 3.629814
11264 3.559006
11776 3.818634
12288 213.120497
12800 4.469565
13312 3.572671
13824 3.590062
14336 3.760248
14848 3.780124
15360 3.674534
15872 3.513043
16384 191.316770
16896 4.201242
17408 3.298137
17920 3.480745
18432 3.551553
18944 3.478261
19456 3.325466
19968 3.464596
20480 192.771429
20992 4.280745
21504 3.740373
22016 3.473292
22528 3.604969
23040 3.654658
23552 3.793789
24064 3.877019
24576 189.450932
25088 4.493168
25600 3.721739
26112 3.684472
26624 3.675776
27136 3.663354
27648 3.681988
28160 3.310559
28672 192.440994
29184 4.522981
29696 3.754037
30208 3.714286
30720 3.521739
31232 3.879503
31744 3.637267
32256 3.695652
32768 191.761491
33280 4.450932
33792 3.428571
34304 3.645963
34816 3.481988
35328 3.546584
35840 3.568944
36352 3.208696
36864 191.536646
37376 4.816149
37888 3.788820
38400 3.644720
38912 3.818634
39424 3.832298
39936 3.787578
40448 3.877019
40960 189.735404
41472 4.443478
41984 3.754037
42496 3.433540
43008 3.837267
43520 3.556522
44032 3.470807
44544 3.161491
45056 180.520497
45568 4.501863
46080 3.378882
46592 3.637267
47104 3.742857
47616 3.438509
48128 3.781366
48640 4.208696
49152 190.829814
49664 4.709317
50176 3.474534
50688 3.660870
