512 3.929193
1024 4.853416
1536 3.777640
2048 3.438509
2560 3.381366
3072 3.700621
3584 3.431056
4096 224.372671
4608 4.408696
5120 3.283230
5632 3.167702
6144 3.486957
6656 3.448447
7168 3.484472
7680 3.470807
8192 201.857143
8704 3.822360
9216 3.473292
9728 3.577640
10240 3.170186
10752 3.037267
11264 3.526708
11776 3.486957
12288 182.884472
12800 4.483230
13312 3.736646
13824 3.529193
14336 3.175155
14848 3.593789
15360 3.444720
15872 3.576398
16384 181.083230
16896 4.137888
17408 3.473292
17920 3.424845
18432 3.391304
18944 3.378882
19456 3.483230
19968 3.286957
20480 193.834783
20992 4.469565
21504 3.551553
22016 3.554037
22528 3.542857
23040 3.571429
23552 3.608696
24064 3.600000
24576 190.267081
25088 4.354037
25600 3.582609
26112 3.485714
26624 3.521739
27136 3.518012
27648 3.421118
28160 3.504348
28672 192.337888
29184 4.121739
29696 3.632298
30208 3.485714
30720 3.577640
31232 3.377640
31744 3.473292
32256 3.485714
32768 193.083230
33280 4.288199
33792 3.081988
34304 3.496894
34816 3.619876
35328 3.424845
35840 3.504348
36352 3.382609
36864 192.356522
37376 4.380124
37888 3.524224
38400 3.657143
38912 3.525466
39424 3.570186
39936 3.525466
40448 3.612422
40960 192.417391
41472 4.110559
41984 3.447205
42496 3.433540
43008 3.249689
43520 3.735404
44032 3.385093
44544 3.040994
45056 193.485714
45568 4.242236
46080 3.361491
46592 3.719255
47104 3.587578
47616 3.021118
48128 3.368944
48640 3.675776
49152 182.365217
49664 4.167702
50176 3.301863
50688 3.421118
