512 3.920596
1024 5.086849
1536 3.333747
2048 3.081886
2560 3.071960
3072 3.003722
3584 3.148883
4096 160.702233
4608 4.426799
5120 2.971464
5632 3.306452
6144 3.135236
6656 2.867246
7168 3.009926
7680 2.968983
8192 154.138958
8704 3.818859
9216 3.131514
9728 2.867246
10240 3.026055
10752 3.414392
11264 3.058313
11776 3.141439
12288 150.063275
12800 3.382134
13312 3.116625
13824 2.918114
14336 3.096774
14848 2.965261
15360 3.127792
15872 2.978908
16384 150.485112
16896 3.277916
17408 2.976427
17920 3.000000
18432 3.043424
18944 3.215881
19456 3.000000
19968 2.985112
20480 151.246898
20992 3.339950
21504 3.105459
22016 3.086849
22528 3.038462
23040 3.043424
23552 2.997519
24064 3.078164
24576 150.662531
25088 3.559553
25600 3.031017
26112 2.995037
26624 3.032258
27136 3.063275
27648 3.070720
28160 3.066998
28672 150.658809
29184 3.677419
29696 3.095533
30208 3.214640
30720 2.964020
31232 3.353598
31744 2.939206
32256 3.203474
32768 150.116625
33280 3.717122
33792 3.009926
34304 3.059553
34816 2.985112
35328 2.987593
35840 2.889578
36352 3.085608
36864 150.085608
37376 3.593052
37888 2.957816
38400 3.044665
38912 2.949132
39424 2.919355
39936 2.951613
40448 3.079404
40960 148.781638
41472 3.610422
41984 2.995037
42496 2.936725
43008 3.089330
43520 3.126551
44032 2.939206
44544 2.944169
45056 150.095533
45568 3.609181
46080 3.130273
46592 2.941687
47104 2.925558
47616 2.941687
48128 2.910670
48640 2.983871
49152 149.439206
49664 3.622829
50176 3.233251
50688 3.130273
