512 4.006203
1024 5.132754
1536 3.960298
2048 5.436725
2560 3.441687
3072 3.796526
3584 3.844913
4096 224.910670
4608 4.261787
5120 4.026055
5632 3.913151
6144 4.019851
6656 3.965261
7168 4.043424
7680 3.942928
8192 200.028536
8704 4.564516
9216 3.607940
9728 3.627792
10240 3.787841
10752 3.759305
11264 3.808933
11776 3.812655
12288 190.246898
12800 4.277916
13312 3.767990
13824 3.565757
14336 3.498759
14848 3.632754
15360 3.580645
15872 3.700993
16384 190.609181
16896 4.406948
17408 3.553350
17920 3.594293
18432 3.585608
18944 3.655087
19456 3.259305
19968 3.290323
20480 191.704715
20992 4.413151
21504 3.564516
22016 3.538462
22528 4.086849
23040 3.741935
23552 3.434243
24064 3.802730
24576 190.651365
25088 4.205955
25600 3.743176
26112 3.775434
26624 3.658809
27136 3.512407
27648 3.967742
28160 3.637717
28672 189.342432
29184 4.457816
29696 3.687345
30208 3.735732
30720 3.837469
31232 3.806452
31744 3.805211
32256 3.830025
32768 191.269231
33280 4.624069
33792 3.676179
34304 3.624069
34816 4.066998
35328 3.512407
35840 3.873449
36352 3.920596
36864 190.001241
37376 4.406948
37888 3.751861
38400 3.535980
38912 3.502481
39424 3.585608
39936 3.918114
40448 3.678660
40960 190.988834
41472 4.542184
41984 3.590571
42496 3.614144
43008 3.854839
43520 3.823821
44032 3.565757
44544 3.637717
45056 180.715881
45568 4.229529
46080 3.636476
46592 3.222084
47104 3.353598
47616 3.672457
48128 3.519851
48640 3.483871
49152 192.744417
49664 4.374690
50176 3.677419
50688 3.638958
