512 3.675776
1024 4.951553
1536 3.443478
2048 3.147826
2560 3.684472
3072 3.520497
3584 3.735404
4096 210.565217
4608 4.031056
5120 3.714286
5632 3.562733
6144 3.445963
6656 3.734161
7168 3.407453
7680 3.404969
8192 180.385093
8704 4.450932
9216 3.602484
9728 3.491925
10240 3.607453
10752 3.767702
11264 3.493168
11776 3.626087
12288 188.520497
12800 4.304348
13312 3.458385
13824 3.576398
14336 3.519255
14848 3.529193
15360 3.518012
15872 3.618634
16384 191.316770
16896 4.432298
17408 3.050932
17920 3.303106
18432 3.375155
18944 3.207453
19456 3.397516
19968 3.669565
20480 191.751553
20992 4.563975
21504 3.773913
22016 3.537888
22528 3.541615
23040 3.633540
23552 3.447205
24064 3.588820
24576 190.206211
25088 4.086957
25600 3.901863
26112 3.442236
26624 3.639752
27136 3.568944
27648 3.467081
28160 3.568944
28672 191.004969
29184 4.191304
29696 3.434783
30208 3.167702
30720 3.596273
31232 3.593789
31744 3.551553
32256 3.746584
32768 192.094410
33280 4.593789
33792 3.536646
34304 3.530435
34816 3.616149
35328 3.477019
35840 4.072050
36352 3.572671
36864 189.406211
37376 4.450932
37888 3.675776
38400 3.674534
38912 3.472050
39424 3.521739
39936 3.504348
40448 3.108075
40960 191.925466
41472 4.506832
41984 3.498137
42496 3.473292
43008 3.427329
43520 3.462112
44032 3.397516
44544 3.744099
45056 182.845963
45568 4.228571
46080 3.480745
46592 3.561491
47104 3.500621
47616 3.349068
48128 3.443478
48640 3.467081
49152 191.849689
49664 4.124224
50176 3.265839
50688 3.561491
