512 3.986335
1024 4.845963
1536 3.901863
2048 3.747826
2560 3.554037
3072 3.614907
3584 3.490683
4096 189.990062
4608 4.131677
5120 3.730435
5632 3.557764
6144 3.606211
6656 3.544099
7168 3.580124
7680 3.577640
8192 176.022360
8704 4.077019
9216 3.398758
9728 3.033540
10240 3.555280
10752 3.491925
11264 3.382609
11776 3.585093
12288 175.183851
12800 4.360248
13312 4.791304
13824 3.452174
14336 3.555280
14848 3.289441
15360 3.739130
15872 3.462112
16384 190.313043
16896 4.099379
17408 3.516770
17920 3.679503
18432 3.773913
18944 3.269565
19456 3.310559
19968 3.411180
20480 192.653416
20992 4.438509
21504 3.858385
22016 3.550311
22528 3.390062
23040 3.559006
23552 3.416149
24064 3.390062
24576 192.175155
25088 4.402484
25600 3.217391
26112 3.554037
26624 3.557764
27136 3.744099
27648 3.429814
28160 3.275776
28672 191.603727
29184 3.980124
29696 3.467081
30208 4.650932
30720 3.606211
31232 3.452174
31744 3.526708
32256 3.600000
32768 191.842236
33280 4.390062
33792 3.437267
34304 3.412422
34816 3.429814
35328 3.730435
35840 3.504348
36352 3.421118
36864 191.944099
37376 4.437267
37888 3.417391
38400 4.141615
38912 3.513043
39424 3.586335
39936 3.206211
40448 3.423602
40960 192.470807
41472 4.322981
41984 3.637267
42496 3.504348
43008 3.576398
43520 3.242236
44032 3.714286
44544 3.619876
45056 182.151553
45568 4.264596
46080 3.478261
46592 3.113043
47104 3.326708
47616 3.309317
48128 3.472050
48640 3.508075
49152 192.429814
49664 4.390062
50176 3.206211
50688 3.393789
