512 4.660471
1024 6.785626
1536 3.522924
2048 3.340768
2560 3.515489
3072 3.231722
3584 3.213135
4096 232.851301
4608 4.286245
5120 3.277571
5632 3.135068
6144 3.318463
6656 3.118959
7168 3.102850
7680 3.226766
8192 182.712515
8704 3.900867
9216 3.442379
9728 3.161090
10240 3.463445
10752 3.230483
11264 3.429988
11776 3.214374
12288 186.418835
12800 4.032218
13312 3.354399
13824 3.131351
14336 3.199504
14848 3.107807
15360 3.407683
15872 3.250310
16384 185.750929
16896 3.833953
17408 3.249071
17920 3.358116
18432 3.427509
18944 3.386617
19456 3.180917
19968 3.226766
20480 192.280050
20992 3.688971
21504 3.560099
22016 3.363073
22528 3.158612
23040 3.244114
23552 3.342007
24064 3.644362
24576 194.291202
25088 3.895911
25600 3.389095
26112 3.343247
26624 3.560099
27136 3.432466
27648 3.493185
28160 3.224287
28672 191.706320
29184 3.882280
29696 3.146221
30208 4.028501
30720 3.320942
31232 3.213135
31744 3.577447
32256 3.365551
32768 192.786865
33280 3.774473
33792 3.242875
34304 3.116481
34816 3.412639
35328 3.172243
35840 3.283767
36352 3.159851
36864 195.358116
37376 3.903346
37888 3.499380
38400 3.484511
38912 3.324659
39424 3.232962
39936 3.323420
40448 3.442379
40960 193.157373
41472 3.947955
41984 3.567534
42496 3.291202
43008 3.448575
43520 3.522924
44032 3.438662
44544 3.426270
45056 185.236679
45568 4.034696
46080 3.280050
46592 3.483271
47104 3.438662
47616 3.380421
48128 3.215613
48640 3.210657
49152 192.795539
49664 3.795539
50176 3.365551
50688 3.221809
