512 3.787578
1024 4.877019
1536 3.839752
2048 3.582609
2560 3.563975
3072 3.598758
3584 3.581366
4096 203.665839
4608 4.509317
5120 3.488199
5632 3.623602
6144 3.634783
6656 3.455901
7168 3.645963
7680 3.601242
8192 177.998758
8704 3.853416
9216 3.565217
9728 3.618634
10240 3.160248
10752 3.452174
11264 3.592547
11776 3.634783
12288 190.770186
12800 4.433540
13312 3.568944
13824 3.668323
14336 3.354037
14848 3.539130
15360 3.515528
15872 3.590062
16384 191.003727
16896 4.227329
17408 3.595031
17920 3.575155
18432 3.557764
18944 3.570186
19456 3.562733
19968 3.578882
20480 190.559006
20992 4.166460
21504 3.516770
22016 3.510559
22528 3.468323
23040 3.567702
23552 3.560248
24064 3.623602
24576 191.987578
25088 4.239752
25600 3.535404
26112 3.504348
26624 3.832298
27136 3.418634
27648 3.416149
28160 3.116770
28672 192.735404
29184 4.285714
29696 3.355280
30208 3.575155
30720 3.484472
31232 3.408696
31744 3.604969
32256 3.627329
32768 192.854658
33280 4.355280
33792 3.510559
34304 3.628571
34816 3.577640
35328 3.602484
35840 3.464596
36352 3.550311
36864 191.406211
37376 4.371429
37888 3.491925
38400 3.660870
38912 3.386335
39424 3.459627
39936 3.665839
40448 3.570186
40960 192.719255
41472 4.250932
41984 3.472050
42496 3.424845
43008 3.613665
43520 3.232298
44032 3.434783
44544 3.506832
45056 183.664596
45568 4.426087
46080 3.586335
46592 3.567702
47104 3.570186
47616 3.586335
48128 3.580124
48640 3.632298
49152 192.709317
49664 4.458385
50176 3.563975
50688 3.648447
