512 4.292804
1024 6.740695
1536 3.404467
2048 2.998759
2560 2.960298
3072 3.377171
3584 3.114144
4096 281.691067
4608 4.263027
5120 3.522333
5632 3.586849
6144 3.375931
6656 3.358561
7168 3.338710
7680 3.155087
8192 219.715881
8704 3.806452
9216 3.007444
9728 3.049628
10240 3.148883
10752 3.100496
11264 3.142680
11776 3.224566
12288 239.667494
12800 3.933002
13312 3.127792
13824 3.272953
14336 3.526055
14848 3.176179
15360 3.125310
15872 2.959057
16384 185.233251
16896 3.632754
17408 3.142680
17920 3.383375
18432 3.380893
18944 3.275434
19456 3.232010
19968 3.099256
20480 184.579404
20992 3.686104
21504 3.253102
22016 3.477667
22528 3.106700
23040 3.230769
23552 3.508685
24064 3.459057
24576 193.215881
25088 3.605459
25600 3.143921
26112 3.008685
26624 3.076923
27136 3.178660
27648 3.186104
28160 3.057072
28672 192.868486
29184 3.933002
29696 3.012407
30208 3.393300
30720 3.171216
31232 3.398263
31744 3.253102
32256 3.441687
32768 199.297767
33280 3.908189
33792 3.042184
34304 3.044665
34816 3.124069
35328 3.107940
35840 3.022333
36352 3.362283
36864 191.451613
37376 4.008685
37888 3.238213
38400 3.212159
38912 3.059553
39424 3.086849
39936 3.000000
40448 3.204715
40960 194.300248
41472 3.903226
41984 3.083127
42496 2.993797
43008 3.116625
43520 3.152605
44032 3.125310
44544 3.115385
45056 189.423077
45568 3.900744
46080 3.105459
46592 3.059553
47104 3.112903
47616 3.250620
48128 3.131514
48640 3.184864
49152 192.723325
49664 3.770471
50176 3.184864
50688 3.171216
