512 4.125466
1024 5.534161
1536 3.612422
2048 3.633540
2560 3.477019
3072 3.734161
3584 3.455901
4096 197.724224
4608 4.419876
5120 3.447205
5632 3.477019
6144 3.313043
6656 3.536646
7168 3.354037
7680 3.691925
8192 181.633540
8704 4.262112
9216 3.552795
9728 3.400000
10240 3.621118
10752 3.354037
11264 3.726708
11776 3.535404
12288 189.080745
12800 4.419876
13312 3.607453
13824 3.604969
14336 3.518012
14848 3.155280
15360 3.521739
15872 3.516770
16384 190.828571
16896 4.385093
17408 3.489441
17920 3.539130
18432 3.406211
18944 3.545342
19456 3.521739
19968 3.659627
20480 192.973913
20992 4.254658
21504 3.412422
22016 3.129193
22528 3.474534
23040 3.562733
23552 3.636025
24064 3.452174
24576 423.942857
25088 4.749068
25600 3.452174
26112 3.601242
26624 3.529193
27136 3.530435
27648 3.475776
28160 3.643478
28672 213.680745
29184 4.368944
29696 3.460870
30208 3.549068
30720 3.545342
31232 3.459627
31744 3.677019
32256 3.480745
32768 193.940373
33280 4.588820
33792 3.491925
34304 3.539130
34816 3.462112
35328 3.598758
35840 3.627329
36352 3.150311
36864 191.325466
37376 4.929193
37888 3.583851
38400 3.481988
38912 3.499379
39424 3.652174
39936 3.386335
40448 3.624845
40960 436.655901
41472 4.396273
41984 4.288199
42496 3.652174
43008 3.557764
43520 3.262112
44032 3.619876
44544 3.580124
45056 186.715528
45568 4.647205
46080 3.305590
46592 3.611180
47104 3.397516
47616 3.418634
48128 3.416149
48640 3.412422
49152 193.178882
49664 4.248447
50176 3.873292
50688 3.423602
