512 4.024845
1024 5.187578
1536 3.899379
2048 3.837267
2560 3.786335
3072 4.126708
3584 3.957764
4096 196.801242
4608 4.362733
5120 3.995031
5632 4.000000
6144 3.719255
6656 4.145342
7168 3.720497
7680 3.703106
8192 177.045963
8704 4.463354
9216 3.593789
9728 3.644720
10240 3.668323
10752 3.849689
11264 3.786335
11776 3.759006
12288 190.444720
12800 4.596273
13312 3.762733
13824 3.760248
14336 3.749068
14848 3.763975
15360 3.741615
15872 3.745342
16384 209.739130
16896 4.033540
17408 3.745342
17920 3.725466
18432 3.690683
18944 3.648447
19456 3.761491
19968 3.775155
20480 182.221118
20992 4.157764
21504 3.940373
22016 3.918012
22528 3.893168
23040 3.965217
23552 3.896894
24064 3.939130
24576 178.659627
25088 4.721739
25600 3.804969
26112 3.880745
26624 3.795031
27136 3.804969
27648 3.813665
28160 3.809938
28672 189.932919
29184 4.549068
29696 3.736646
30208 3.642236
30720 3.946584
31232 3.978882
31744 3.654658
32256 3.968944
32768 193.129193
33280 4.450932
33792 3.848447
34304 3.649689
34816 3.987578
35328 3.875776
35840 3.911801
36352 3.783851
36864 189.007453
37376 5.042236
37888 3.751553
38400 3.757764
38912 3.637267
39424 3.627329
39936 3.660870
40448 3.744099
40960 188.585093
41472 4.413665
41984 3.721739
42496 3.824845
43008 3.881988
43520 3.780124
44032 3.875776
44544 4.002484
45056 181.633540
45568 4.696894
46080 3.480745
46592 3.790062
47104 3.888199
47616 3.272050
48128 3.793789
48640 3.736646
49152 191.339130
49664 4.867081
50176 3.609938
50688 3.725466
