512 3.923077
1024 5.712159
1536 3.944169
2048 3.565757
2560 3.579404
3072 3.387097
3584 3.557072
4096 220.645161
4608 4.857320
5120 3.571960
5632 3.399504
6144 3.406948
6656 3.099256
7168 3.433002
7680 3.548387
8192 203.120347
8704 4.465261
9216 3.655087
9728 3.418114
10240 3.498759
10752 3.554591
11264 3.435484
11776 3.518610
12288 188.248139
12800 4.518610
13312 3.426799
13824 3.457816
14336 3.512407
14848 3.256824
15360 3.306452
15872 3.439206
16384 192.346154
16896 4.534739
17408 3.564516
17920 3.611663
18432 3.638958
18944 3.643921
19456 3.516129
19968 3.550868
20480 190.468983
20992 4.194789
21504 3.529777
22016 3.557072
22528 3.585608
23040 3.503722
23552 3.507444
24064 3.661290
24576 191.410670
25088 4.189826
25600 3.614144
26112 3.316377
26624 3.466501
27136 3.506203
27648 3.500000
28160 3.492556
28672 191.640199
29184 4.459057
29696 3.466501
30208 3.397022
30720 3.388337
31232 3.332506
31744 3.425558
32256 3.415633
32768 193.821340
33280 3.557072
33792 3.274194
34304 3.521092
34816 3.600496
35328 3.447891
35840 3.589330
36352 3.544665
36864 191.378412
37376 3.859801
37888 3.390819
38400 3.426799
38912 3.491315
39424 3.399504
39936 3.480149
40448 3.643921
40960 191.941687
41472 4.318859
41984 3.433002
42496 3.535980
43008 3.306452
43520 3.120347
44032 3.395782
44544 3.339950
45056 203.328784
45568 3.882134
46080 3.570720
46592 3.445409
47104 3.460298
47616 3.467742
48128 3.383375
48640 3.420596
49152 180.143921
49664 4.136476
50176 3.622829
50688 3.496278
