512 3.745342
1024 5.357764
1536 4.079503
2048 3.773913
2560 3.392547
3072 3.355280
3584 3.680745
4096 191.541615
4608 4.098137
5120 3.498137
5632 3.555280
6144 3.472050
6656 3.437267
7168 3.602484
7680 3.178882
8192 180.837267
8704 4.370186
9216 3.756522
9728 3.940373
10240 3.711801
10752 3.505590
11264 3.672050
11776 3.624845
12288 208.678261
12800 3.982609
13312 3.650932
13824 3.433540
14336 3.831056
14848 3.518012
15360 3.652174
15872 3.614907
16384 181.223602
16896 4.325466
17408 3.530435
17920 3.550311
18432 3.570186
18944 3.055901
19456 3.434783
19968 3.221118
20480 181.680745
20992 4.438509
21504 3.474534
22016 3.393789
22528 3.542857
23040 3.511801
23552 3.575155
24064 3.436025
24576 191.787578
25088 4.327950
25600 3.485714
26112 3.478261
26624 3.448447
27136 3.557764
27648 3.633540
28160 3.013665
28672 191.432298
29184 4.413665
29696 3.593789
30208 3.508075
30720 3.563975
31232 3.531677
31744 3.547826
32256 3.460870
32768 192.373913
33280 4.491925
33792 3.503106
34304 3.590062
34816 3.577640
35328 3.488199
35840 3.485714
36352 3.443478
36864 192.192547
37376 4.336646
37888 3.496894
38400 3.478261
38912 3.427329
39424 3.530435
39936 3.637267
40448 3.342857
40960 193.093168
41472 4.197516
41984 3.556522
42496 3.395031
43008 3.395031
43520 3.875776
44032 3.604969
44544 3.132919
45056 183.592547
45568 4.371429
46080 3.650932
46592 3.509317
47104 3.940373
47616 3.542857
48128 3.419876
48640 3.377640
49152 191.212422
49664 4.354037
50176 3.621118
50688 3.493168
