512 4.009938
1024 4.691925
1536 3.765217
2048 3.790062
2560 3.669565
3072 3.582609
3584 3.628571
4096 492.929193
4608 4.318012
5120 3.414907
5632 4.009938
6144 3.427329
6656 3.644720
7168 3.597516
7680 3.568944
8192 178.562733
8704 4.667081
9216 3.396273
9728 3.668323
10240 3.377640
10752 3.627329
11264 3.386335
11776 3.619876
12288 188.919255
12800 4.371429
13312 3.768944
13824 3.718012
14336 3.401242
14848 3.524224
15360 3.975155
15872 3.455901
16384 212.380124
16896 3.875776
17408 3.325466
17920 3.693168
18432 3.403727
18944 3.539130
19456 3.409938
19968 3.445963
20480 344.607453
20992 4.187578
21504 3.067081
22016 3.550311
22528 3.508075
23040 3.516770
23552 3.475776
24064 3.628571
24576 186.239752
25088 4.409938
25600 3.398758
26112 3.295652
26624 3.336646
27136 3.554037
27648 3.595031
28160 3.398758
28672 192.542857
29184 4.562733
29696 3.582609
30208 3.705590
30720 3.654658
31232 3.648447
31744 3.638509
32256 3.648447
32768 191.376398
33280 4.424845
33792 3.524224
34304 3.521739
34816 3.580124
35328 3.464596
35840 3.532919
36352 3.572671
36864 192.391304
37376 4.540373
37888 3.740373
38400 4.045963
38912 3.677019
39424 3.632298
39936 3.642236
40448 3.300621
40960 195.475776
41472 4.147826
41984 3.365217
42496 3.638509
43008 3.486957
43520 3.627329
44032 3.700621
44544 3.080745
45056 185.995031
45568 4.309317
46080 3.608696
46592 3.653416
47104 3.522981
47616 3.468323
48128 3.545342
48640 3.347826
49152 184.568944
49664 4.360248
50176 3.486957
50688 3.575155
