512 3.765217
1024 5.105590
1536 3.990062
2048 3.501863
2560 4.354037
3072 3.775155
3584 3.824845
4096 226.401242
4608 3.858385
5120 3.552795
5632 3.518012
6144 3.479503
6656 3.301863
7168 3.044720
7680 3.452174
8192 227.404969
8704 3.729193
9216 3.557764
9728 3.562733
10240 3.575155
10752 3.559006
11264 3.547826
11776 3.561491
12288 180.166460
12800 4.108075
13312 3.491925
13824 3.613665
14336 3.383851
14848 3.518012
15360 3.472050
15872 3.619876
16384 178.459627
16896 4.141615
17408 3.474534
17920 3.613665
18432 3.387578
18944 3.509317
19456 3.490683
19968 3.629814
20480 192.582609
20992 4.249689
21504 3.618634
22016 3.700621
22528 3.560248
23040 3.588820
23552 3.566460
24064 3.649689
24576 191.068323
25088 4.403727
25600 3.424845
26112 3.381366
26624 3.744099
27136 3.493168
27648 3.444720
28160 3.547826
28672 190.284472
29184 4.591304
29696 3.449689
30208 3.516770
30720 3.577640
31232 3.645963
31744 3.444720
32256 3.634783
32768 193.449689
33280 4.275776
33792 3.642236
34304 3.356522
34816 3.445963
35328 3.400000
35840 3.349068
36352 3.103106
36864 192.018634
37376 4.372671
37888 3.539130
38400 3.524224
38912 3.608696
39424 3.449689
39936 3.198758
40448 3.477019
40960 194.478261
41472 4.519255
41984 3.509317
42496 3.544099
43008 3.575155
43520 3.371429
44032 3.526708
44544 3.373913
45056 182.325466
45568 4.306832
46080 3.474534
46592 3.474534
47104 3.226087
47616 4.032298
48128 3.501863
48640 3.537888
49152 189.755280
49664 4.327950
50176 3.141615
50688 3.559006
