512 3.851117
1024 5.228288
1536 3.612903
2048 3.581886
2560 3.598015
3072 3.562035
3584 3.477667
4096 228.671216
4608 4.713400
5120 3.358561
5632 3.616625
6144 3.715881
6656 3.478908
7168 3.506203
7680 3.429280
8192 296.387097
8704 4.354839
9216 3.385856
9728 3.557072
10240 3.581886
10752 3.534739
11264 3.542184
11776 3.661290
12288 344.303970
12800 4.467742
13312 3.760546
13824 3.377171
14336 3.531017
14848 3.496278
15360 3.528536
15872 3.537221
16384 339.260546
16896 4.384615
17408 3.736973
17920 3.411911
18432 3.512407
18944 3.596774
19456 3.575682
19968 3.533499
20480 307.671216
20992 4.678660
21504 3.553350
22016 3.756824
22528 3.792804
23040 3.666253
23552 3.663772
24064 3.410670
24576 344.321340
25088 4.471464
25600 3.864764
26112 3.842432
26624 3.547146
27136 3.487593
27648 3.506203
28160 3.719603
28672 340.050868
29184 4.358561
29696 3.687345
30208 3.583127
30720 3.656328
31232 3.595533
31744 3.652605
32256 3.574442
32768 308.712159
33280 4.459057
33792 3.073201
34304 3.671216
34816 3.709677
35328 3.466501
35840 3.478908
36352 3.373449
36864 351.122829
37376 4.615385
37888 3.607940
38400 3.729529
38912 3.604218
39424 3.673697
39936 3.764268
40448 3.512407
40960 363.038462
41472 4.007444
41984 4.431762
42496 3.698511
43008 3.281638
43520 3.470223
44032 3.468983
44544 3.320099
45056 319.620347
45568 4.258065
46080 3.720844
46592 3.464020
47104 3.455335
47616 3.418114
48128 3.802730
48640 3.641439
49152 382.560794
49664 4.430521
50176 3.637717
50688 3.495037
