512 3.935404
1024 5.172671
1536 3.776398
2048 3.122981
2560 3.776398
3072 3.763975
3584 3.396273
4096 195.700621
4608 4.304348
5120 3.524224
5632 3.556522
6144 3.814907
6656 3.485714
7168 3.768944
7680 3.622360
8192 180.572671
8704 4.093168
9216 3.672050
9728 2.995031
10240 3.490683
10752 3.526708
11264 3.469565
11776 3.156522
12288 191.386335
12800 4.609938
13312 3.431056
13824 3.486957
14336 3.637267
14848 3.279503
15360 3.362733
15872 3.489441
16384 190.447205
16896 4.440994
17408 3.468323
17920 3.190062
18432 3.294410
18944 3.306832
19456 3.426087
19968 3.448447
20480 212.506832
20992 3.591304
21504 3.515528
22016 3.367702
22528 3.485714
23040 3.490683
23552 3.465839
24064 3.488199
24576 180.202484
25088 3.674534
25600 3.501863
26112 3.121739
26624 3.534161
27136 3.408696
27648 3.527950
28160 3.540373
28672 185.175155
29184 4.047205
29696 3.511801
30208 3.459627
30720 3.443478
31232 3.393789
31744 3.450932
32256 3.443478
32768 193.295652
33280 4.279503
33792 3.657143
34304 3.640994
34816 3.458385
35328 3.460870
35840 3.467081
36352 3.470807
36864 191.857143
37376 4.362733
37888 3.598758
38400 3.465839
38912 3.218634
39424 3.649689
39936 3.525466
40448 3.458385
40960 192.568944
41472 4.185093
41984 3.570186
42496 3.450932
43008 3.591304
43520 3.865839
44032 3.515528
44544 3.527950
45056 183.007453
45568 4.401242
46080 3.505590
46592 3.510559
47104 3.570186
47616 3.585093
48128 3.489441
48640 3.562733
49152 192.197516
49664 4.311801
50176 3.556522
50688 3.488199
