512 4.373449
1024 4.883375
1536 3.672457
2048 3.503722
2560 3.672457
3072 3.450372
3584 3.810174
4096 191.482630
4608 4.380893
5120 3.060794
5632 3.702233
6144 3.501241
6656 3.487593
7168 3.688586
7680 3.574442
8192 175.688586
8704 4.169975
9216 3.377171
9728 3.023573
10240 3.052109
10752 3.596774
11264 3.638958
11776 3.542184
12288 186.406948
12800 4.150124
13312 3.472705
13824 3.534739
14336 3.476427
14848 3.393300
15360 3.502481
15872 3.433002
16384 193.194789
16896 3.717122
17408 3.002481
17920 3.405707
18432 3.429280
18944 3.502481
19456 3.392060
19968 3.452854
20480 192.308933
20992 4.109181
21504 3.549628
22016 3.598015
22528 3.424318
23040 3.566998
23552 3.027295
24064 3.678660
24576 192.477667
25088 4.323821
25600 3.394541
26112 3.347395
26624 3.403226
27136 3.642680
27648 3.529777
28160 3.452854
28672 191.428040
29184 4.305211
29696 3.410670
30208 3.504963
30720 3.476427
31232 3.522333
31744 3.563275
32256 3.483871
32768 191.684864
33280 4.497519
33792 3.428040
34304 3.480149
34816 3.624069
35328 3.399504
35840 3.387097
36352 3.420596
36864 191.322581
37376 4.277916
37888 3.707196
38400 3.504963
38912 3.602978
39424 3.524814
39936 3.633995
40448 3.555831
40960 191.812655
41472 4.217122
41984 3.445409
42496 3.384615
43008 3.674938
43520 3.846154
44032 3.380893
44544 3.476427
45056 181.924318
45568 4.550868
46080 3.537221
46592 3.661290
47104 3.491315
47616 3.571960
48128 3.344913
48640 3.709677
49152 192.373449
49664 4.100496
50176 3.614144
50688 3.488834
