512 3.824040
1024 5.089219
1536 3.873606
2048 3.851301
2560 3.517968
3072 3.328377
3584 3.837670
4096 187.057001
4608 4.049566
5120 3.733581
5632 3.522924
6144 3.624535
6656 3.599752
7168 3.631970
7680 3.566295
8192 176.291202
8704 4.270136
9216 3.415118
9728 3.379182
10240 3.351921
10752 3.665428
11264 3.479554
11776 3.446097
12288 187.710037
12800 4.185874
13312 3.396530
13824 3.405204
14336 3.220570
14848 3.384139
15360 3.565056
15872 3.399009
16384 192.410161
16896 3.868649
17408 3.489467
17920 3.511772
18432 3.589839
18944 3.615861
19456 3.136307
19968 3.536555
20480 190.504337
20992 4.343247
21504 3.561338
22016 3.099133
22528 3.405204
23040 3.467162
23552 3.415118
24064 3.463445
24576 192.597274
25088 4.451053
25600 3.583643
26112 3.344486
26624 3.415118
27136 3.634449
27648 3.503098
28160 3.095415
28672 191.420074
29184 3.926890
29696 3.403965
30208 3.561338
30720 3.566295
31232 3.581165
31744 3.483271
32256 3.161090
32768 191.939281
33280 4.288724
33792 3.521685
34304 3.582404
34816 3.604709
35328 3.403965
35840 3.654275
36352 3.070632
36864 192.458488
37376 4.334572
37888 3.545229
38400 3.480793
38912 3.550186
39424 3.506815
39936 3.501859
40448 3.568773
40960 192.749690
41472 4.369269
41984 3.456010
42496 3.451053
43008 3.485750
43520 3.674102
44032 3.400248
44544 3.420074
45056 181.814126
45568 4.417596
46080 3.053284
46592 3.793061
47104 3.565056
47616 3.405204
48128 3.014870
48640 3.666667
49152 191.836431
49664 4.225527
50176 3.551425
50688 3.394052
