512 4.738538
1024 4.934325
1536 3.598513
2048 3.572491
2560 3.546468
3072 3.405204
3584 3.454771
4096 314.952912
4608 5.002478
5120 4.071871
5632 3.776952
6144 3.651797
6656 3.572491
7168 3.700124
7680 3.779430
8192 348.982652
8704 4.421314
9216 3.581165
9728 2.969021
10240 3.438662
10752 3.478315
11264 3.460967
11776 3.343247
12288 359.903346
12800 4.387856
13312 3.531599
13824 2.955390
14336 3.423792
14848 3.309789
15360 3.493185
15872 3.317224
16384 189.215613
16896 4.406444
17408 3.339529
17920 3.700124
18432 3.442379
18944 3.710037
19456 3.350682
19968 3.548947
20480 360.934325
20992 3.998761
21504 3.505576
22016 3.364312
22528 3.223048
23040 3.390335
23552 3.394052
24064 3.597274
24576 190.420074
25088 4.387856
25600 3.473358
26112 3.479554
26624 3.135068
27136 3.475836
27648 3.421314
28160 3.525403
28672 423.436183
29184 4.578686
29696 3.557621
30208 3.448575
30720 3.550186
31232 3.334572
31744 3.579926
32256 3.535316
32768 212.646840
33280 4.610905
33792 3.540273
34304 3.468401
34816 3.118959
35328 3.322181
35840 3.406444
36352 3.100372
36864 192.246592
37376 4.524164
37888 3.403965
38400 3.389095
38912 3.423792
39424 3.662949
39936 3.308550
40448 3.467162
40960 191.568773
41472 4.489467
41984 3.314746
42496 3.348203
43008 3.623296
43520 3.921933
44032 3.313507
44544 3.468401
45056 213.551425
45568 3.869888
46080 3.628253
46592 3.558860
47104 3.161090
47616 3.171004
48128 3.265180
48640 3.454771
49152 224.864932
49664 4.387856
50176 3.498141
50688 3.563817
