512 4.001242
1024 5.247205
1536 3.275776
2048 3.595031
2560 3.845963
3072 3.587578
3584 3.684472
4096 224.477019
4608 4.150311
5120 3.632298
5632 3.568944
6144 3.911801
6656 3.522981
7168 3.578882
7680 3.626087
8192 188.629814
8704 4.499379
9216 3.649689
9728 3.628571
10240 3.619876
10752 3.622360
11264 3.590062
11776 3.650932
12288 190.327950
12800 4.634783
13312 3.662112
13824 3.608696
14336 3.629814
14848 4.141615
15360 3.638509
15872 3.577640
16384 190.568944
16896 4.234783
17408 3.604969
17920 3.577640
18432 3.624845
18944 3.598758
19456 3.570186
19968 3.642236
20480 190.913043
20992 4.218634
21504 3.673292
22016 3.612422
22528 3.673292
23040 4.245963
23552 3.614907
24064 3.565217
24576 190.760248
25088 4.386335
25600 3.629814
26112 3.674534
26624 3.567702
27136 3.657143
27648 3.580124
28160 3.577640
28672 191.423602
29184 4.431056
29696 3.634783
30208 3.624845
30720 3.549068
31232 3.807453
31744 3.781366
32256 3.532919
32768 191.065839
33280 4.326708
33792 3.935404
34304 3.637267
34816 3.608696
35328 3.642236
35840 3.617391
36352 3.855901
36864 190.522981
37376 4.396273
37888 3.650932
38400 3.614907
38912 3.746584
39424 3.664596
39936 4.736646
40448 3.658385
40960 189.927950
41472 4.401242
41984 3.721739
42496 3.603727
43008 3.575155
43520 3.438509
44032 3.621118
44544 3.790062
45056 181.791304
45568 4.322981
46080 3.657143
46592 3.640994
47104 3.945342
47616 3.683230
48128 3.664596
48640 3.342857
49152 191.057143
49664 4.411180
50176 3.649689
50688 3.634783
