512 3.860870
1024 5.470807
1536 3.940373
2048 3.172671
2560 3.563975
3072 3.536646
3584 3.414907
4096 197.662112
4608 4.308075
5120 3.583851
5632 3.455901
6144 3.532919
6656 3.510559
7168 3.611180
7680 3.475776
8192 179.581366
8704 4.121739
9216 3.457143
9728 3.515528
10240 3.485714
10752 3.412422
11264 3.480745
11776 3.406211
12288 211.187578
12800 3.713043
13312 3.397516
13824 3.433540
14336 3.386335
14848 3.462112
15360 3.427329
15872 3.370186
16384 180.503106
16896 4.177640
17408 3.454658
17920 3.537888
18432 3.373913
18944 3.567702
19456 3.473292
19968 3.493168
20480 185.662112
20992 3.970186
21504 3.500621
22016 3.460870
22528 3.525466
23040 3.449689
23552 3.520497
24064 3.616149
24576 191.768944
25088 3.955280
25600 3.515528
26112 3.484472
26624 3.582609
27136 3.182609
27648 3.485714
28160 3.400000
28672 192.234783
29184 3.716770
29696 3.463354
30208 3.459627
30720 3.480745
31232 3.324224
31744 3.431056
32256 3.457143
32768 193.503106
33280 4.304348
33792 3.455901
34304 3.433540
34816 3.534161
35328 3.673292
35840 3.770186
36352 3.081988
36864 194.070807
37376 4.525466
37888 3.679503
38400 3.505590
38912 3.493168
39424 3.506832
39936 3.038509
40448 3.504348
40960 189.873292
41472 4.180124
41984 3.509317
42496 3.647205
43008 3.509317
43520 2.934161
44032 3.504348
44544 3.340373
45056 183.963975
45568 4.350311
46080 3.422360
46592 3.368944
47104 3.439752
47616 3.439752
48128 3.392547
48640 3.371429
49152 193.561491
49664 4.183851
50176 3.418634
50688 3.524224
