512 3.853416
1024 5.231056
1536 3.541615
2048 3.262112
2560 3.721739
3072 3.559006
3584 3.633540
4096 220.336646
4608 4.316770
5120 3.516770
5632 3.617391
6144 3.344099
6656 3.552795
7168 3.465839
7680 3.469565
8192 182.411180
8704 4.324224
9216 3.520497
9728 3.588820
10240 3.559006
10752 3.604969
11264 3.613665
11776 3.626087
12288 189.290683
12800 4.049689
13312 3.734161
13824 3.817391
14336 3.759006
14848 3.791304
15360 3.782609
15872 3.722981
16384 189.568944
16896 4.400000
17408 3.714286
17920 3.633540
18432 3.660870
18944 3.737888
19456 3.243478
19968 3.700621
20480 190.954037
20992 4.331677
21504 3.740373
22016 3.527950
22528 3.566460
23040 3.619876
23552 3.596273
24064 3.647205
24576 191.837267
25088 4.344099
25600 3.402484
26112 3.580124
26624 3.546584
27136 3.571429
27648 3.591304
28160 3.600000
28672 193.340373
29184 4.469565
29696 3.750311
30208 3.530435
30720 3.643478
31232 3.514286
31744 3.653416
32256 3.508075
32768 188.982609
33280 4.283230
33792 3.611180
34304 3.604969
34816 3.586335
35328 3.618634
35840 3.598758
36352 3.238509
36864 191.664596
37376 4.690683
37888 3.475776
38400 3.591304
38912 3.644720
39424 3.657143
39936 3.657143
40448 3.668323
40960 191.481988
41472 4.279503
41984 3.710559
42496 3.591304
43008 3.582609
43520 3.725466
44032 3.596273
44544 3.566460
45056 182.552795
45568 4.387578
46080 3.640994
46592 3.458385
47104 3.633540
47616 3.634783
48128 3.437267
48640 3.679503
49152 192.201242
49664 4.291925
50176 3.715528
50688 3.606211
