512 3.757764
1024 4.993789
1536 3.855901
2048 3.811180
2560 3.532919
3072 3.565217
3584 3.563975
4096 199.375155
4608 4.511801
5120 2.985093
5632 3.555280
6144 3.626087
6656 3.530435
7168 3.527950
7680 3.206211
8192 180.156522
8704 4.406211
9216 3.592547
9728 3.694410
10240 3.742857
10752 3.460870
11264 3.585093
11776 3.536646
12288 191.190062
12800 4.457143
13312 3.470807
13824 3.657143
14336 3.736646
14848 3.474534
15360 3.556522
15872 3.534161
16384 189.867081
16896 4.357764
17408 3.530435
17920 3.609938
18432 3.539130
18944 3.667081
19456 3.465839
19968 3.510559
20480 189.987578
20992 4.332919
21504 3.450932
22016 3.573913
22528 3.609938
23040 3.270807
23552 3.521739
24064 3.530435
24576 212.062112
25088 3.657143
25600 3.505590
26112 3.140373
26624 3.499379
27136 3.154037
27648 3.516770
28160 3.522981
28672 180.746584
29184 4.422360
29696 3.473292
30208 3.542857
30720 3.505590
31232 3.301863
31744 3.505590
32256 3.464596
32768 183.864596
33280 4.150311
33792 3.473292
34304 3.455901
34816 3.463354
35328 3.469565
35840 3.468323
36352 3.571429
36864 193.716770
37376 4.335404
37888 3.708075
38400 3.542857
38912 3.432298
39424 3.583851
39936 3.447205
40448 3.474534
40960 191.366460
41472 4.413665
41984 3.513043
42496 3.542857
43008 3.562733
43520 3.209938
44032 3.383851
44544 3.465839
45056 183.088199
45568 4.279503
46080 3.768944
46592 3.551553
47104 3.495652
47616 3.611180
48128 3.524224
48640 3.535404
49152 190.591304
49664 4.296894
50176 3.759006
50688 3.531677
