512 3.925558
1024 5.057072
1536 4.183623
2048 3.841191
2560 3.493797
3072 3.508685
3584 3.514888
4096 221.665012
4608 4.334988
5120 3.763027
5632 3.356079
6144 3.351117
6656 3.609181
7168 3.570720
7680 3.387097
8192 216.152605
8704 4.189826
9216 3.311414
9728 3.750620
10240 3.416873
10752 3.724566
11264 3.512407
11776 3.601737
12288 209.089330
12800 4.266749
13312 3.694789
13824 3.537221
14336 3.518610
14848 3.638958
15360 3.496278
15872 3.557072
16384 190.677419
16896 4.500000
17408 3.552109
17920 3.485112
18432 3.539702
18944 3.325062
19456 3.714640
19968 3.434243
20480 195.461538
20992 4.317618
21504 3.533499
22016 3.361042
22528 3.703474
23040 3.420596
23552 3.570720
24064 3.470223
24576 188.390819
25088 3.892060
25600 3.372208
26112 3.504963
26624 3.734491
27136 3.554591
27648 3.508685
28160 3.648883
28672 193.239454
29184 4.196030
29696 3.398263
30208 3.483871
30720 3.523573
31232 3.568238
31744 3.524814
32256 3.712159
32768 191.100496
33280 4.321340
33792 3.459057
34304 3.511166
34816 3.344913
35328 3.322581
35840 3.475186
36352 3.523573
36864 192.687345
37376 4.334988
37888 3.471464
38400 3.611663
38912 3.512407
39424 3.356079
39936 3.548387
40448 3.452854
40960 192.029777
41472 4.255583
41984 3.557072
42496 3.506203
43008 3.562035
43520 3.957816
44032 3.315136
44544 3.470223
45056 182.295285
45568 4.337469
46080 3.470223
46592 3.535980
47104 3.858561
47616 3.585608
48128 3.718362
48640 3.409429
49152 190.704715
49664 4.138958
50176 3.532258
50688 3.430521
