512 4.333747
1024 6.849876
1536 3.328784
2048 3.038462
2560 3.414392
3072 3.043424
3584 3.352357
4096 290.488834
4608 4.033499
5120 3.200993
5632 3.208437
6144 3.168734
6656 3.290323
7168 3.066998
7680 3.272953
8192 309.823821
8704 3.847395
9216 3.241935
9728 2.962779
10240 3.044665
10752 3.323821
11264 3.176179
11776 3.102978
12288 207.730769
12800 3.575682
13312 3.513648
13824 3.239454
14336 3.011166
14848 3.079404
15360 3.299007
15872 3.161290
16384 265.668734
16896 3.977667
17408 3.358561
17920 3.210918
18432 3.353598
18944 3.194789
19456 3.378412
19968 3.076923
20480 285.431762
20992 3.549628
21504 3.133995
22016 3.229529
22528 3.246898
23040 3.193548
23552 3.223325
24064 3.093052
24576 245.699752
25088 3.748139
25600 3.230769
26112 3.243176
26624 3.313896
27136 3.245658
27648 3.199752
28160 3.189826
28672 307.641439
29184 3.671216
29696 3.227047
30208 2.935484
30720 3.403226
31232 3.068238
31744 3.244417
32256 3.155087
32768 210.960298
33280 3.906948
33792 3.045906
34304 3.385856
34816 3.174938
35328 3.210918
35840 3.178660
36352 3.065757
36864 236.890819
37376 3.698511
37888 3.138958
38400 3.137717
38912 3.042184
39424 3.387097
39936 3.182382
40448 3.031017
40960 308.756824
41472 3.892060
41984 3.120347
42496 3.219603
43008 3.078164
43520 3.301489
44032 3.395782
44544 3.065757
45056 238.433002
45568 3.753102
46080 3.967742
46592 3.214640
47104 3.066998
47616 3.263027
48128 3.179901
48640 3.267990
49152 281.260546
49664 3.834988
50176 2.924318
50688 3.080645
