512 3.900621
1024 5.182609
1536 4.619876
2048 3.529193
2560 3.545342
3072 3.655901
3584 3.695652
4096 228.223602
4608 4.375155
5120 3.761491
5632 3.783851
6144 3.802484
6656 3.786335
7168 3.814907
7680 3.833540
8192 203.752795
8704 4.316770
9216 3.714286
9728 3.736646
10240 3.190062
10752 3.514286
11264 3.631056
11776 3.683230
12288 190.000000
12800 4.187578
13312 3.720497
13824 3.710559
14336 3.550311
14848 3.516770
15360 3.604969
15872 3.612422
16384 191.324224
16896 4.254658
17408 3.681988
17920 3.816149
18432 3.763975
18944 3.772671
19456 3.433540
19968 3.826087
20480 189.347826
20992 4.648447
21504 3.609938
22016 3.690683
22528 4.068323
23040 3.508075
23552 3.718012
24064 3.935404
24576 189.899379
25088 4.845963
25600 3.469565
26112 3.819876
26624 3.927950
27136 3.824845
27648 3.862112
28160 3.868323
28672 190.045963
29184 4.596273
29696 3.880745
30208 3.859627
30720 3.751553
31232 3.827329
31744 3.801242
32256 3.801242
32768 192.078261
33280 4.536646
33792 3.726708
34304 3.551553
34816 3.813665
35328 3.840994
35840 3.807453
36352 3.793789
36864 189.221118
37376 4.439752
37888 3.777640
38400 3.632298
38912 3.914286
39424 3.990062
39936 3.884472
40448 4.014907
40960 190.337888
41472 4.541615
41984 3.596273
42496 3.644720
43008 4.068323
43520 3.975155
44032 3.704348
44544 3.763975
45056 181.167702
45568 4.073292
46080 3.693168
46592 4.006211
47104 4.018634
47616 3.864596
48128 3.827329
48640 3.842236
49152 189.118012
49664 4.761491
50176 3.604969
50688 3.621118
