512 3.976398
1024 5.006211
1536 3.817391
2048 3.525466
2560 4.098137
3072 3.714286
3584 3.608696
4096 189.305590
4608 4.526708
5120 3.458385
5632 3.421118
6144 3.432298
6656 3.561491
7168 3.499379
7680 3.547826
8192 178.355280
8704 4.560248
9216 3.539130
9728 3.214907
10240 3.549068
10752 3.544099
11264 3.580124
11776 3.417391
12288 178.478261
12800 4.290683
13312 3.385093
13824 3.568944
14336 3.621118
14848 3.627329
15360 3.658385
15872 3.614907
16384 191.326708
16896 4.370186
17408 3.525466
17920 3.669565
18432 3.551553
18944 3.559006
19456 3.607453
19968 3.366460
20480 192.263354
20992 4.360248
21504 3.763975
22016 3.489441
22528 3.783851
23040 3.544099
23552 3.642236
24064 3.763975
24576 191.182609
25088 4.447205
25600 3.776398
26112 3.905590
26624 3.573913
27136 3.565217
27648 3.593789
28160 3.781366
28672 191.916770
29184 4.373913
29696 3.705590
30208 3.627329
30720 3.547826
31232 3.481988
31744 3.664596
32256 3.472050
32768 191.539130
33280 4.147826
33792 3.925466
34304 3.549068
34816 3.588820
35328 3.576398
35840 3.754037
36352 3.667081
36864 191.290683
37376 4.157764
37888 3.583851
38400 3.568944
38912 3.511801
39424 3.556522
39936 3.321739
40448 3.726708
40960 192.150311
41472 4.324224
41984 3.877019
42496 3.554037
43008 3.562733
43520 3.136646
44032 3.796273
44544 3.361491
45056 182.344099
45568 4.344099
46080 3.535404
46592 3.204969
47104 3.772671
47616 3.198758
48128 3.444720
48640 3.905590
49152 213.236025
49664 4.130435
50176 3.660870
50688 3.678261
