512 3.686957
1024 4.828571
1536 3.412422
2048 3.390062
2560 3.740373
3072 3.421118
3584 3.642236
4096 207.116770
4608 4.217391
5120 3.505590
5632 3.514286
6144 3.489441
6656 3.563975
7168 3.393789
7680 3.469565
8192 180.727950
8704 4.422360
9216 3.303106
9728 3.522981
10240 3.724224
10752 3.595031
11264 3.555280
11776 3.623602
12288 190.770186
12800 4.280745
13312 3.421118
13824 3.518012
14336 3.413665
14848 3.593789
15360 3.766460
15872 3.527950
16384 190.320497
16896 4.062112
17408 3.044720
17920 3.530435
18432 3.221118
18944 3.489441
19456 3.504348
19968 3.091925
20480 193.609938
20992 3.879503
21504 3.577640
22016 3.547826
22528 3.459627
23040 3.792547
23552 3.355280
24064 3.440994
24576 192.419876
25088 4.249689
25600 3.427329
26112 3.721739
26624 3.344099
27136 3.699379
27648 3.422360
28160 3.260870
28672 192.191304
29184 4.285714
29696 3.458385
30208 3.545342
30720 3.360248
31232 3.736646
31744 3.416149
32256 3.600000
32768 192.124224
33280 4.519255
33792 3.603727
34304 3.613665
34816 3.278261
35328 3.629814
35840 3.592547
36352 3.559006
36864 190.166460
37376 4.396273
37888 3.459627
38400 3.552795
38912 3.477019
39424 3.462112
39936 3.381366
40448 3.450932
40960 193.255901
41472 4.232298
41984 3.581366
42496 3.264596
43008 3.513043
43520 3.122981
44032 3.582609
44544 3.473292
45056 184.050932
45568 4.401242
46080 3.375155
46592 3.749068
47104 3.428571
47616 3.668323
48128 3.513043
48640 3.603727
49152 188.727950
49664 4.318012
50176 3.351553
50688 3.378882
