512 4.000000
1024 4.970260
1536 3.915737
2048 3.594796
2560 3.598513
3072 3.454771
3584 3.550186
4096 285.692689
4608 4.452292
5120 3.485750
5632 3.503098
6144 3.250310
6656 3.526642
7168 3.116481
7680 3.565056
8192 250.949195
8704 5.090458
9216 3.434944
9728 3.034696
10240 3.376704
10752 3.209418
11264 3.501859
11776 3.097893
12288 257.214374
12800 4.171004
13312 3.465923
13824 3.491945
14336 3.220570
14848 3.540273
15360 3.527881
15872 3.406444
16384 223.992565
16896 4.408922
17408 3.489467
17920 3.395291
18432 3.052045
18944 3.433705
19456 3.644362
19968 3.517968
20480 263.220570
20992 4.534077
21504 3.489467
22016 3.473358
22528 3.256506
23040 3.486989
23552 3.460967
24064 3.744734
24576 254.837670
25088 4.520446
25600 3.395291
26112 3.563817
26624 3.462206
27136 3.522924
27648 3.337051
28160 3.477076
28672 225.643123
29184 4.344486
29696 3.623296
30208 3.285006
30720 3.381660
31232 3.473358
31744 3.552664
32256 3.394052
32768 261.942999
33280 4.734820
33792 2.950434
34304 3.275093
34816 3.550186
35328 3.451053
35840 3.386617
36352 3.392813
36864 255.884758
37376 4.447336
37888 3.413879
38400 3.553903
38912 3.432466
39424 3.509294
39936 3.325898
40448 3.494424
40960 285.669145
41472 3.804213
41984 2.960347
42496 3.360595
43008 3.541512
43520 3.151177
44032 3.650558
44544 3.115242
45056 197.674102
45568 4.484511
46080 3.364312
46592 3.335812
47104 3.448575
47616 3.205700
48128 3.241636
48640 3.095415
49152 189.742255
49664 4.069393
50176 3.229244
50688 2.975217
