512 3.925466
1024 5.315528
1536 3.604969
2048 3.601242
2560 3.191304
3072 3.488199
3584 3.751553
4096 214.234783
4608 4.031056
5120 3.588820
5632 3.393789
6144 3.670807
6656 3.590062
7168 3.645963
7680 3.566460
8192 177.270807
8704 4.603727
9216 3.400000
9728 3.390062
10240 3.416149
10752 3.412422
11264 3.360248
11776 3.365217
12288 190.535404
12800 3.968944
13312 3.732919
13824 3.608696
14336 3.304348
14848 3.631056
15360 3.636025
15872 3.732919
16384 191.033540
16896 4.382609
17408 3.597516
17920 3.580124
18432 3.535404
18944 3.550311
19456 3.529193
19968 3.568944
20480 207.166460
20992 4.463354
21504 3.485714
22016 3.442236
22528 3.224845
23040 3.752795
23552 3.493168
24064 3.443478
24576 173.127950
25088 4.770186
25600 3.452174
26112 3.500621
26624 3.534161
27136 3.500621
27648 3.417391
28160 3.395031
28672 193.427329
29184 4.268323
29696 3.699379
30208 3.457143
30720 3.520497
31232 3.409938
31744 3.503106
32256 3.711801
32768 190.864596
33280 4.224845
33792 3.755280
34304 3.400000
34816 3.380124
35328 3.499379
35840 3.469565
36352 3.314286
36864 190.785093
37376 4.403727
37888 3.510559
38400 3.413665
38912 3.406211
39424 3.566460
39936 3.522981
40448 3.406211
40960 192.336646
41472 4.344099
41984 3.675776
42496 3.418634
43008 3.662112
43520 3.803727
44032 3.647205
44544 3.084472
45056 181.940373
45568 4.706832
46080 3.545342
46592 3.498137
47104 3.204969
47616 3.509317
48128 3.413665
48640 3.382609
49152 191.397516
49664 4.493168
50176 3.361491
50688 3.421118
