512 4.513648
1024 7.086849
1536 3.625310
2048 3.143921
2560 3.357320
3072 3.341191
3584 3.372208
4096 239.403226
4608 4.445409
5120 3.233251
5632 3.490074
6144 3.207196
6656 3.303970
7168 3.200993
7680 3.299007
8192 181.361042
8704 4.111663
9216 3.363524
9728 3.451613
10240 3.280397
10752 3.192308
11264 3.163772
11776 3.378412
12288 191.292804
12800 3.877171
13312 3.471464
13824 3.287841
14336 3.366005
14848 3.653846
15360 3.235732
15872 3.327543
16384 193.342432
16896 3.684864
17408 3.418114
17920 3.129032
18432 3.393300
18944 3.166253
19456 3.234491
19968 3.277916
20480 195.052109
20992 4.001241
21504 3.485112
22016 3.318859
22528 3.414392
23040 3.228288
23552 3.301489
24064 3.276675
24576 192.518610
25088 21.462779
25600 3.400744
26112 3.089330
26624 3.145161
27136 3.358561
27648 3.205955
28160 3.430521
28672 179.803970
29184 3.971464
29696 3.428040
30208 3.415633
30720 3.445409
31232 3.387097
31744 3.477667
32256 3.452854
32768 186.367246
33280 3.988834
33792 3.488834
34304 3.477667
34816 3.455335
35328 3.522333
35840 3.234491
36352 3.457816
36864 193.800248
37376 3.684864
37888 3.039702
38400 3.182382
38912 3.263027
39424 3.446650
39936 3.289082
40448 3.341191
40960 196.196030
41472 4.047146
41984 3.420596
42496 3.522333
43008 3.200993
43520 3.498759
44032 3.249380
44544 3.507444
45056 186.490074
45568 3.753102
46080 3.272953
46592 3.255583
47104 3.177419
47616 3.263027
48128 3.366005
48640 3.339950
49152 191.968983
49664 3.868486
50176 3.254342
50688 3.188586
