512 4.226087
1024 5.965217
1536 3.677019
2048 3.618634
2560 3.624845
3072 3.643478
3584 3.477019
4096 209.628571
4608 4.040994
5120 3.536646
5632 3.665839
6144 3.709317
6656 3.562733
7168 3.771429
7680 3.607453
8192 177.361491
8704 4.398758
9216 3.616149
9728 3.397516
10240 3.638509
10752 3.741615
11264 3.649689
11776 3.644720
12288 189.865839
12800 4.315528
13312 20.808696
13824 3.679503
14336 3.582609
14848 3.308075
15360 3.363975
15872 3.562733
16384 175.033540
16896 4.757764
17408 3.684472
17920 3.628571
18432 3.519255
18944 3.662112
19456 3.648447
19968 3.783851
20480 260.007453
20992 4.464596
21504 3.536646
22016 3.573913
22528 3.598758
23040 3.540373
23552 3.545342
24064 3.580124
24576 203.178882
25088 4.247205
25600 3.709317
26112 3.619876
26624 3.673292
27136 3.592547
27648 3.965217
28160 3.628571
28672 188.345342
29184 4.416149
29696 3.192547
30208 3.628571
30720 3.227329
31232 3.518012
31744 3.626087
32256 3.296894
32768 193.346584
33280 4.281988
33792 3.675776
34304 3.675776
34816 3.684472
35328 3.829814
35840 3.725466
36352 3.618634
36864 190.367702
37376 4.301863
37888 3.724224
38400 3.970186
38912 3.667081
39424 3.633540
39936 3.259627
40448 3.647205
40960 193.094410
41472 4.160248
41984 3.786335
42496 3.491925
43008 3.598758
43520 3.131677
44032 3.706832
44544 3.643478
45056 182.983851
45568 4.349068
46080 3.534161
46592 3.383851
47104 3.200000
47616 3.178882
48128 3.586335
48640 3.886957
49152 192.684472
49664 4.516770
50176 3.731677
50688 3.542857
