512 3.738213
1024 6.334988
1536 3.223325
2048 3.550868
2560 3.521092
3072 3.571960
3584 3.621588
4096 226.626551
4608 4.830025
5120 3.446650
5632 3.648883
6144 3.454094
6656 3.633995
7168 3.378412
7680 3.436725
8192 180.011166
8704 4.182382
9216 3.454094
9728 3.693548
10240 3.385856
10752 3.524814
11264 3.779156
11776 3.728288
12288 189.729529
12800 4.129032
13312 3.423077
13824 3.534739
14336 3.607940
14848 3.490074
15360 3.477667
15872 3.650124
16384 192.050868
16896 4.471464
17408 3.616625
17920 3.487593
18432 3.560794
18944 3.503722
19456 3.321340
19968 3.729529
20480 190.369727
20992 4.290323
21504 3.425558
22016 3.375931
22528 3.052109
23040 3.724566
23552 3.428040
24064 3.602978
24576 192.040943
25088 4.406948
25600 3.408189
26112 3.532258
26624 3.436725
27136 3.528536
27648 3.594293
28160 3.177419
28672 191.913151
29184 4.254342
29696 3.322581
30208 3.291563
30720 3.566998
31232 3.291563
31744 3.331266
32256 3.503722
32768 193.451613
33280 4.105459
33792 3.220844
34304 3.733251
34816 3.076923
35328 3.660050
35840 3.522333
36352 3.578164
36864 191.743176
37376 4.336228
37888 3.471464
38400 3.526055
38912 3.589330
39424 3.495037
39936 3.560794
40448 3.750620
40960 192.528536
41472 4.353598
41984 3.508685
42496 3.315136
43008 3.594293
43520 3.944169
44032 3.411911
44544 3.559553
45056 182.397022
45568 3.911911
46080 3.559553
46592 3.518610
47104 3.467742
47616 3.372208
48128 3.471464
48640 3.434243
49152 193.939206
49664 4.508685
50176 3.709677
50688 3.395782
