512 4.060870
1024 6.563975
1536 3.443478
2048 3.669565
2560 3.694410
3072 3.557764
3584 3.540373
4096 217.142857
4608 4.279503
5120 3.627329
5632 3.522981
6144 3.478261
6656 3.428571
7168 3.562733
7680 3.464596
8192 177.522981
8704 4.054658
9216 3.978882
9728 3.580124
10240 3.617391
10752 3.588820
11264 3.431056
11776 3.368944
12288 178.294410
12800 4.267081
13312 3.539130
13824 3.299379
14336 3.747826
14848 3.436025
15360 3.493168
15872 3.609938
16384 191.444720
16896 4.505590
17408 3.500621
17920 3.585093
18432 3.413665
18944 3.544099
19456 3.440994
19968 3.522981
20480 191.896894
20992 4.344099
21504 3.423602
22016 3.360248
22528 3.240994
23040 3.486957
23552 3.541615
24064 3.431056
24576 214.567702
25088 3.788820
25600 3.337888
26112 3.365217
26624 3.416149
27136 3.511801
27648 3.504348
28160 3.506832
28672 180.665839
29184 4.165217
29696 3.639752
30208 3.531677
30720 3.457143
31232 3.546584
31744 3.293168
32256 3.557764
32768 182.818634
33280 4.398758
33792 3.166460
34304 3.602484
34816 3.607453
35328 3.524224
35840 3.593789
36352 3.976398
36864 192.094410
37376 4.269565
37888 3.617391
38400 3.595031
38912 3.444720
39424 3.565217
39936 3.309317
40448 3.546584
40960 191.581366
41472 4.375155
41984 3.552795
42496 3.571429
43008 3.613665
43520 3.698137
44032 3.596273
44544 3.132919
45056 187.505590
45568 3.803727
46080 3.698137
46592 3.602484
47104 3.819876
47616 3.252174
48128 3.416149
48640 2.985093
49152 191.070807
49664 4.406211
50176 3.757764
50688 3.680745
