512 3.647205
1024 5.739130
1536 3.739130
2048 3.464596
2560 3.361491
3072 3.426087
3584 3.583851
4096 228.009938
4608 4.363975
5120 3.485714
5632 3.530435
6144 3.508075
6656 3.132919
7168 3.560248
7680 3.691925
8192 179.136646
8704 4.278261
9216 3.434783
9728 3.407453
10240 3.568944
10752 3.715528
11264 3.413665
11776 3.416149
12288 190.694410
12800 4.407453
13312 3.481988
13824 3.058385
14336 3.412422
14848 3.442236
15360 3.537888
15872 3.305590
16384 193.129193
16896 4.390062
17408 3.783851
17920 3.484472
18432 3.524224
18944 3.602484
19456 3.422360
19968 3.522981
20480 189.325466
20992 4.252174
21504 3.555280
22016 3.598758
22528 3.604969
23040 3.557764
23552 3.171429
24064 3.301863
24576 191.988820
25088 4.207453
25600 3.350311
26112 3.427329
26624 3.457143
27136 3.479503
27648 2.944099
28160 2.990062
28672 194.607453
29184 4.239752
29696 3.706832
30208 3.642236
30720 3.324224
31232 3.322981
31744 3.462112
32256 3.491925
32768 191.660870
33280 4.566460
33792 3.516770
34304 3.485714
34816 3.565217
35328 3.494410
35840 3.679503
36352 3.193789
36864 193.531677
37376 4.362733
37888 3.498137
38400 3.585093
38912 3.616149
39424 3.472050
39936 3.544099
40448 3.602484
40960 192.017391
41472 4.463354
41984 3.561491
42496 3.597516
43008 3.650932
43520 3.863354
44032 3.501863
44544 3.519255
45056 181.672050
45568 4.380124
46080 3.699379
46592 3.459627
47104 3.516770
47616 3.470807
48128 3.416149
48640 3.150311
49152 192.565217
49664 4.422360
50176 3.597516
50688 3.445963
