512 4.070807
1024 5.126708
1536 3.390062
2048 3.592547
2560 3.218634
3072 3.504348
3584 3.575155
4096 219.115528
4608 4.155280
5120 3.626087
5632 3.545342
6144 3.396273
6656 3.939130
7168 3.469565
7680 3.028571
8192 179.274534
8704 4.632298
9216 3.475776
9728 3.621118
10240 3.775155
10752 3.557764
11264 3.477019
11776 3.562733
12288 209.536646
12800 4.017391
13312 3.473292
13824 3.088199
14336 3.139130
14848 3.402484
15360 3.161491
15872 3.304348
16384 180.590062
16896 4.160248
17408 3.067081
17920 3.519255
18432 3.264596
18944 3.465839
19456 3.515528
19968 3.544099
20480 187.813665
20992 3.637267
21504 3.014907
22016 3.395031
22528 3.628571
23040 3.500621
23552 3.424845
24064 3.342857
24576 193.026087
25088 4.345342
25600 3.484472
26112 3.613665
26624 3.601242
27136 3.628571
27648 3.576398
28160 3.551553
28672 190.440994
29184 4.160248
29696 3.464596
30208 3.458385
30720 3.472050
31232 3.465839
31744 3.500621
32256 3.483230
32768 193.253416
33280 4.150311
33792 3.624845
34304 3.428571
34816 3.513043
35328 3.501863
35840 3.467081
36352 3.132919
36864 191.613665
37376 4.277019
37888 3.663354
38400 3.090683
38912 3.510559
39424 3.636025
39936 3.154037
40448 3.447205
40960 193.833540
41472 4.419876
41984 3.378882
42496 3.380124
43008 3.448447
43520 3.195031
44032 3.552795
44544 3.167702
45056 183.561491
45568 4.324224
46080 3.628571
46592 3.514286
47104 3.503106
47616 3.489441
48128 3.393789
48640 3.388820
49152 193.217391
49664 4.285714
50176 3.627329
50688 3.602484
