512 4.201242
1024 5.079503
1536 3.952795
2048 3.750311
2560 3.522981
3072 3.619876
3584 3.761491
4096 221.320497
4608 4.054658
5120 3.821118
5632 3.920497
6144 3.509317
6656 3.819876
7168 3.180124
7680 3.458385
8192 180.131677
8704 4.372671
9216 3.725466
9728 3.539130
10240 3.711801
10752 3.572671
11264 3.585093
11776 3.587578
12288 190.927950
12800 4.454658
13312 3.640994
13824 3.875776
14336 3.611180
14848 3.022360
15360 3.530435
15872 3.754037
16384 190.909317
16896 4.290683
17408 3.828571
17920 3.700621
18432 3.762733
18944 3.901863
19456 3.499379
19968 3.549068
20480 213.664596
20992 4.429814
21504 3.672050
22016 3.503106
22528 3.556522
23040 3.443478
23552 3.506832
24064 3.478261
24576 175.485714
25088 4.792547
25600 3.713043
26112 3.875776
26624 3.634783
27136 3.855901
27648 3.554037
28160 3.525466
28672 182.904348
29184 4.513043
29696 3.618634
30208 3.642236
30720 3.596273
31232 3.689441
31744 3.442236
32256 3.531677
32768 192.131677
33280 4.618634
33792 3.690683
34304 3.833540
34816 3.616149
35328 3.849689
35840 3.204969
36352 3.480745
36864 191.460870
37376 3.929193
37888 3.516770
38400 3.436025
38912 3.513043
39424 3.501863
39936 3.291925
40448 3.443478
40960 193.043478
41472 4.481988
41984 3.511801
42496 3.518012
43008 3.469565
43520 3.872050
44032 3.455901
44544 4.114286
45056 183.193789
45568 4.304348
46080 3.372671
46592 3.645963
47104 3.560248
47616 3.355280
48128 3.621118
48640 3.409938
49152 191.852174
49664 4.554037
50176 3.371429
50688 3.627329
