512 3.688199
1024 4.952795
1536 3.761491
2048 3.452174
2560 3.390062
3072 3.749068
3584 3.590062
4096 226.270807
4608 3.906832
5120 3.288199
5632 3.489441
6144 3.417391
6656 3.428571
7168 3.428571
7680 3.324224
8192 176.131677
8704 4.264596
9216 3.581366
9728 3.457143
10240 3.457143
10752 3.406211
11264 3.474534
11776 3.422360
12288 183.019876
12800 4.277019
13312 3.561491
13824 3.478261
14336 3.463354
14848 3.432298
15360 3.691925
15872 3.626087
16384 356.499379
16896 4.404969
17408 3.629814
17920 3.551553
18432 3.520497
18944 3.520497
19456 3.221118
19968 3.505590
20480 374.129193
20992 4.347826
21504 3.633540
22016 3.495652
22528 3.444720
23040 3.544099
23552 3.459627
24064 3.424845
24576 182.270807
25088 4.336646
25600 3.623602
26112 3.488199
26624 3.495652
27136 3.539130
27648 3.633540
28160 3.449689
28672 192.140373
29184 4.299379
29696 2.849689
30208 3.481988
30720 3.669565
31232 3.559006
31744 3.516770
32256 3.524224
32768 193.946584
33280 4.655901
33792 3.193789
34304 3.483230
34816 3.350311
35328 3.544099
35840 3.613665
36352 3.366460
36864 504.762733
37376 4.245963
37888 3.488199
38400 3.464596
38912 3.355280
39424 3.493168
39936 3.391304
40448 3.668323
40960 212.501863
41472 4.457143
41984 3.637267
42496 3.534161
43008 3.387578
43520 3.059627
44032 3.500621
44544 3.155280
45056 184.544099
45568 3.921739
46080 3.493168
46592 3.503106
47104 3.386335
47616 3.468323
48128 5.522981
48640 3.474534
49152 210.643478
49664 4.125466
50176 3.078261
50688 2.965217
