512 4.084472
1024 5.531677
1536 3.423602
2048 3.455901
2560 3.180124
3072 3.286957
3584 3.196273
4096 359.352795
4608 4.505590
5120 3.684472
5632 3.267081
6144 3.689441
6656 3.000000
7168 3.601242
7680 3.442236
8192 182.921739
8704 4.161491
9216 3.597516
9728 3.483230
10240 3.519255
10752 3.667081
11264 3.557764
11776 3.662112
12288 188.515528
12800 4.196273
13312 3.731677
13824 3.631056
14336 3.460870
14848 3.597516
15360 3.597516
15872 3.644720
16384 189.159006
16896 4.321739
17408 3.480745
17920 3.447205
18432 3.457143
18944 3.495652
19456 3.064596
19968 3.578882
20480 191.739130
20992 4.352795
21504 3.363975
22016 3.406211
22528 3.592547
23040 3.691925
23552 3.367702
24064 3.566460
24576 191.593789
25088 4.250932
25600 3.627329
26112 3.535404
26624 3.510559
27136 3.663354
27648 3.685714
28160 3.450932
28672 190.398758
29184 4.373913
29696 3.462112
30208 3.664596
30720 3.362733
31232 3.652174
31744 3.396273
32256 3.690683
32768 194.290683
33280 4.356522
33792 3.413665
34304 3.428571
34816 3.550311
35328 3.526708
35840 3.555280
36352 3.436025
36864 192.826087
37376 4.484472
37888 3.351553
38400 3.665839
38912 3.396273
39424 3.647205
39936 3.375155
40448 3.665839
40960 191.217391
41472 4.344099
41984 3.443478
42496 3.662112
43008 3.426087
43520 3.817391
44032 3.612422
44544 3.452174
45056 183.422360
45568 4.526708
46080 3.363975
46592 3.653416
47104 3.416149
47616 3.624845
48128 3.390062
48640 3.727950
49152 190.900621
49664 4.524224
50176 3.308075
50688 3.684472
