512 3.482630
1024 4.822581
1536 3.385856
2048 3.691067
2560 3.325062
3072 3.651365
3584 3.656328
4096 201.585608
4608 3.967742
5120 3.545906
5632 3.516129
6144 3.400744
6656 3.413151
7168 3.531017
7680 3.441687
8192 180.724566
8704 4.220844
9216 3.683623
9728 3.370968
10240 3.609181
10752 3.477667
11264 3.508685
11776 3.513648
12288 190.230769
12800 4.395782
13312 3.519851
13824 3.370968
14336 3.495037
14848 3.506203
15360 3.502481
15872 3.493797
16384 191.466501
16896 4.119107
17408 3.460298
17920 3.501241
18432 3.431762
18944 3.382134
19456 3.442928
19968 3.425558
20480 191.862283
20992 4.089330
21504 3.466501
22016 3.357320
22528 3.353598
23040 3.349876
23552 3.399504
24064 3.446650
24576 192.399504
25088 4.039702
25600 3.374690
26112 3.445409
26624 3.451613
27136 3.441687
27648 3.401985
28160 3.400744
28672 212.295285
29184 3.838710
29696 3.478908
30208 3.660050
30720 3.614144
31232 3.467742
31744 3.511166
32256 3.574442
32768 180.088089
33280 4.126551
33792 3.421836
34304 3.414392
34816 3.590571
35328 3.435484
35840 3.493797
36352 3.596774
36864 186.109181
37376 4.409429
37888 3.486352
38400 3.452854
38912 3.228288
39424 3.313896
39936 3.414392
40448 3.486352
40960 192.377171
41472 4.348635
41984 3.548387
42496 3.502481
43008 3.616625
43520 3.143921
44032 3.440447
44544 3.550868
45056 183.388337
45568 4.233251
46080 3.424318
46592 3.495037
47104 3.138958
47616 3.506203
48128 3.502481
48640 3.140199
49152 193.620347
49664 4.215881
50176 3.498759
50688 3.465261
