512 5.000000
1024 6.786600
1536 3.882134
2048 3.864764
2560 3.617866
3072 3.817618
3584 4.018610
4096 237.000000
4608 4.488834
5120 3.645161
5632 3.651365
6144 3.792804
6656 3.524814
7168 3.671216
7680 3.580645
8192 183.132754
8704 4.332506
9216 3.641439
9728 3.681141
10240 3.519851
10752 3.729529
11264 3.617866
11776 3.627792
12288 188.163772
12800 3.844913
13312 3.579404
13824 3.472705
14336 3.480149
14848 3.830025
15360 3.720844
15872 3.643921
16384 189.836228
16896 4.470223
17408 3.689826
17920 3.605459
18432 3.888337
18944 3.832506
19456 3.836228
19968 3.521092
20480 192.062035
20992 4.356079
21504 3.854839
22016 3.812655
22528 3.774194
23040 3.604218
23552 3.682382
24064 3.600496
24576 197.775434
25088 3.834988
25600 3.490074
26112 3.467742
26624 3.729529
27136 3.518610
27648 3.643921
28160 3.652605
28672 187.111663
29184 4.705955
29696 3.713400
30208 3.707196
30720 3.688586
31232 3.836228
31744 3.744417
32256 3.719603
32768 185.901985
33280 4.699752
33792 3.637717
34304 3.918114
34816 3.763027
35328 4.011166
35840 3.538462
36352 3.665012
36864 188.439206
37376 4.632754
37888 3.874690
38400 3.585608
38912 3.837469
39424 3.894541
39936 3.615385
40448 3.867246
40960 190.612903
41472 4.394541
41984 3.585608
42496 3.591811
43008 3.621588
43520 4.169975
44032 3.665012
44544 3.511166
45056 181.217122
45568 4.485112
46080 3.478908
46592 3.565757
47104 3.527295
47616 3.327543
48128 3.498759
48640 3.632754
49152 192.636476
49664 4.222084
50176 3.686104
50688 3.472705
