512 3.795031
1024 4.730435
1536 3.226087
2048 3.542857
2560 3.818634
3072 3.567702
3584 3.744099
4096 201.942857
4608 4.008696
5120 3.453416
5632 3.788820
6144 3.045963
6656 3.503106
7168 3.485714
7680 3.648447
8192 200.279503
8704 3.513043
9216 3.355280
9728 3.494410
10240 3.501863
10752 3.396273
11264 3.295652
11776 3.439752
12288 180.436025
12800 4.570186
13312 3.518012
13824 3.084472
14336 3.465839
14848 3.478261
15360 3.448447
15872 3.459627
16384 185.198758
16896 4.024845
17408 3.472050
17920 3.514286
18432 3.638509
18944 3.532919
19456 3.508075
19968 3.480745
20480 190.048447
20992 4.419876
21504 3.311801
22016 3.363975
22528 3.442236
23040 3.360248
23552 3.336646
24064 3.500621
24576 194.440994
25088 4.057143
25600 4.018634
26112 3.550311
26624 3.504348
27136 3.480745
27648 3.370186
28160 3.562733
28672 190.873292
29184 4.305590
29696 3.598758
30208 3.576398
30720 3.530435
31232 3.536646
31744 3.368944
32256 3.566460
32768 191.370186
33280 4.229814
33792 3.554037
34304 3.619876
34816 3.525466
35328 3.534161
35840 3.486957
36352 3.551553
36864 191.234783
37376 4.232298
37888 3.363975
38400 3.570186
38912 3.344099
39424 3.486957
39936 3.575155
40448 3.442236
40960 193.160248
41472 4.326708
41984 3.409938
42496 3.498137
43008 3.554037
43520 3.381366
44032 3.486957
44544 3.511801
45056 183.591304
45568 4.273292
46080 3.660870
46592 3.508075
47104 3.879503
47616 3.376398
48128 3.576398
48640 3.609938
49152 190.286957
49664 4.150311
50176 3.478261
50688 3.467081
