512 3.797516
1024 5.889441
1536 4.054658
2048 3.890683
2560 3.474534
3072 3.725466
3584 3.643478
4096 224.204969
4608 4.024845
5120 3.598758
5632 3.481988
6144 3.519255
6656 3.440994
7168 3.511801
7680 3.444720
8192 187.736646
8704 4.233540
9216 3.731677
9728 3.680745
10240 3.783851
10752 3.908075
11264 3.695652
11776 3.566460
12288 189.165217
12800 4.513043
13312 3.493168
13824 3.318012
14336 3.519255
14848 3.649689
15360 3.545342
15872 3.657143
16384 189.792547
16896 4.320497
17408 3.419876
17920 3.678261
18432 3.631056
18944 3.806211
19456 3.706832
19968 3.844720
20480 190.694410
20992 4.485714
21504 3.459627
22016 3.644720
22528 3.787578
23040 3.536646
23552 3.513043
24064 3.516770
24576 191.486957
25088 4.362733
25600 3.976398
26112 3.514286
26624 3.624845
27136 3.427329
27648 3.944099
28160 3.562733
28672 191.603727
29184 4.342857
29696 3.731677
30208 3.665839
30720 3.486957
31232 3.208696
31744 3.469565
32256 3.166460
32768 192.299379
33280 4.373913
33792 3.719255
34304 3.699379
34816 3.472050
35328 3.583851
35840 3.465839
36352 3.550311
36864 190.679503
37376 3.978882
37888 4.040994
38400 3.587578
38912 3.633540
39424 3.628571
39936 4.091925
40448 3.593789
40960 191.691925
41472 4.488199
41984 3.401242
42496 3.668323
43008 3.608696
43520 3.479503
44032 3.546584
44544 3.942857
45056 182.760248
45568 4.406211
46080 3.616149
46592 3.713043
47104 3.486957
47616 3.531677
48128 3.434783
48640 3.527950
49152 212.412422
49664 3.906832
50176 3.495652
50688 3.752795
