512 3.727950
1024 4.914286
1536 3.361491
2048 3.591304
2560 3.376398
3072 3.489441
3584 3.519255
4096 208.848447
4608 4.662112
5120 3.334161
5632 3.634783
6144 3.673292
6656 3.595031
7168 3.440994
7680 3.391304
8192 180.127950
8704 4.211180
9216 3.198758
9728 3.418634
10240 3.401242
10752 3.416149
11264 3.576398
11776 3.571429
12288 191.721739
12800 4.231056
13312 3.732919
13824 3.472050
14336 3.604969
14848 3.613665
15360 3.432298
15872 3.551553
16384 191.070807
16896 4.289441
17408 3.416149
17920 3.520497
18432 3.535404
18944 3.519255
19456 3.542857
19968 3.522981
20480 206.336646
20992 4.355280
21504 3.546584
22016 3.393789
22528 3.386335
23040 3.332919
23552 3.366460
24064 3.288199
24576 176.019876
25088 4.404969
25600 3.432298
26112 3.521739
26624 3.299379
27136 3.315528
27648 3.445963
28160 3.509317
28672 192.913043
29184 4.418634
29696 3.357764
30208 3.549068
30720 3.457143
31232 3.495652
31744 3.583851
32256 3.509317
32768 192.750311
33280 4.223602
33792 3.414907
34304 3.472050
34816 3.506832
35328 3.522981
35840 3.498137
36352 3.125466
36864 191.827329
37376 4.580124
37888 3.493168
38400 3.167702
38912 3.611180
39424 3.552795
39936 3.469565
40448 3.527950
40960 191.901863
41472 4.227329
41984 3.621118
42496 3.470807
43008 3.496894
43520 3.294410
44032 3.585093
44544 3.147826
45056 183.227329
45568 4.454658
46080 3.653416
46592 3.301863
47104 3.483230
47616 3.403727
48128 3.426087
48640 3.477019
49152 193.019876
49664 4.423602
50176 3.689441
50688 3.296894
