512 4.821340
1024 4.908189
1536 3.626551
2048 3.400744
2560 3.038462
3072 3.322581
3584 3.145161
4096 252.026055
4608 3.710918
5120 3.764268
5632 3.090571
6144 3.074442
6656 3.151365
7168 3.240695
7680 2.931762
8192 181.374690
8704 3.493797
9216 3.079404
9728 3.105459
10240 3.130273
10752 3.008685
11264 3.198511
11776 3.245658
12288 180.565757
12800 3.756824
13312 3.179901
13824 3.199752
14336 3.341191
14848 2.827543
15360 3.155087
15872 3.032258
16384 191.803970
16896 3.468983
17408 3.109181
17920 3.208437
18432 3.026055
18944 3.261787
19456 3.173697
19968 2.887097
20480 194.875931
20992 3.607940
21504 3.403226
22016 3.401985
22528 3.406948
23040 3.234491
23552 3.037221
24064 3.390819
24576 193.245658
25088 3.544665
25600 2.913151
26112 3.006203
26624 3.124069
27136 3.114144
27648 3.131514
28160 3.122829
28672 198.197270
29184 3.777916
29696 3.418114
30208 3.500000
30720 3.158809
31232 3.380893
31744 3.210918
32256 3.883375
32768 191.058313
33280 3.746898
33792 3.271712
34304 2.946650
34816 3.287841
35328 2.946650
35840 3.281638
36352 2.899504
36864 195.018610
37376 3.694789
37888 3.297767
38400 3.280397
38912 3.163772
39424 2.863524
39936 3.057072
40448 3.224566
40960 194.473945
41472 3.749380
41984 3.135236
42496 3.109181
43008 3.338710
43520 3.294045
44032 3.107940
44544 3.095533
45056 187.188586
45568 3.909429
46080 3.369727
46592 3.151365
47104 3.011166
47616 3.131514
48128 3.086849
48640 3.200993
49152 193.970223
49664 3.679901
50176 3.079404
50688 3.034739
