512 3.767702
1024 4.976398
1536 3.677019
2048 3.563975
2560 3.541615
3072 3.477019
3584 3.614907
4096 220.416149
4608 3.972671
5120 3.602484
5632 3.510559
6144 3.300621
6656 3.499379
7168 3.433540
7680 3.657143
8192 195.452174
8704 4.197516
9216 3.597516
9728 3.559006
10240 3.536646
10752 3.418634
11264 3.524224
11776 3.536646
12288 189.614907
12800 4.326708
13312 3.522981
13824 3.388820
14336 3.489441
14848 3.380124
15360 3.503106
15872 3.459627
16384 192.759006
16896 4.270807
17408 3.566460
17920 3.500621
18432 3.559006
18944 3.398758
19456 3.504348
19968 3.494410
20480 191.752795
20992 4.007453
21504 3.465839
22016 3.495652
22528 3.257143
23040 3.373913
23552 3.422360
24064 3.459627
24576 192.532919
25088 4.245963
25600 3.690683
26112 3.493168
26624 3.509317
27136 3.552795
27648 3.463354
28160 3.577640
28672 191.479503
29184 4.281988
29696 3.480745
30208 3.455901
30720 3.110559
31232 3.426087
31744 3.417391
32256 3.426087
32768 193.052174
33280 3.839752
33792 3.515528
34304 3.427329
34816 3.557764
35328 3.555280
35840 3.503106
36352 3.767702
36864 191.814907
37376 4.188820
37888 3.240994
38400 3.604969
38912 3.618634
39424 3.484472
39936 3.580124
40448 3.650932
40960 191.322981
41472 4.308075
41984 3.495652
42496 3.503106
43008 3.555280
43520 4.055901
44032 3.535404
44544 3.412422
45056 182.852174
45568 4.367702
46080 3.611180
46592 3.640994
47104 3.458385
47616 3.458385
48128 3.290683
48640 3.741615
49152 192.146584
49664 4.289441
50176 3.418634
50688 3.572671
