512 3.795031
1024 4.872050
1536 4.019876
2048 3.337888
2560 3.463354
3072 3.365217
3584 3.388820
4096 212.770186
4608 4.094410
5120 3.583851
5632 3.821118
6144 4.228571
6656 3.600000
7168 3.536646
7680 3.604969
8192 177.509317
8704 4.242236
9216 3.849689
9728 3.513043
10240 3.503106
10752 3.398758
11264 3.563975
11776 3.660870
12288 191.054658
12800 4.234783
13312 3.634783
13824 3.565217
14336 3.431056
14848 3.554037
15360 3.503106
15872 3.540373
16384 190.200000
16896 4.237267
17408 3.761491
17920 3.530435
18432 3.079503
18944 3.505590
19456 3.552795
19968 3.532919
20480 191.442236
20992 4.122981
21504 3.757764
22016 3.498137
22528 3.129193
23040 3.285714
23552 3.524224
24064 3.721739
24576 191.773913
25088 4.229814
25600 3.304348
26112 3.506832
26624 3.475776
27136 3.508075
27648 3.812422
28160 3.223602
28672 193.560248
29184 4.434783
29696 3.145342
30208 3.739130
30720 3.393789
31232 3.375155
31744 3.725466
32256 4.349068
32768 191.053416
33280 4.176398
33792 3.614907
34304 3.493168
34816 3.675776
35328 3.515528
35840 3.520497
36352 3.109317
36864 193.248447
37376 4.294410
37888 3.765217
38400 3.498137
38912 3.554037
39424 3.597516
39936 3.361491
40448 3.483230
40960 190.674534
41472 4.137888
41984 3.509317
42496 3.509317
43008 3.570186
43520 3.829814
44032 3.514286
44544 3.540373
45056 183.596273
45568 4.500621
46080 3.537888
46592 3.509317
47104 3.576398
47616 3.694410
48128 3.514286
48640 3.634783
49152 191.252174
49664 4.534161
50176 3.777640
50688 3.483230
