512 4.182609
1024 5.459627
1536 3.373913
2048 3.109317
2560 3.299379
3072 3.218634
3584 3.501863
4096 187.662112
4608 4.077019
5120 3.400000
5632 3.202484
6144 3.173913
6656 3.122981
7168 3.072050
7680 3.486957
8192 150.668323
8704 3.683230
9216 3.160248
9728 3.260870
10240 3.173913
10752 3.259627
11264 3.103106
11776 3.390062
12288 153.632298
12800 3.971429
13312 3.565217
13824 3.319255
14336 3.228571
14848 3.207453
15360 3.439752
15872 3.413665
16384 156.935404
16896 3.828571
17408 3.392547
17920 3.443478
18432 3.183851
18944 3.544099
19456 3.156522
19968 3.823602
20480 157.477019
20992 3.972671
21504 3.279503
22016 3.290683
22528 3.295652
23040 3.357764
23552 3.314286
24064 3.217391
24576 155.414907
25088 3.868323
25600 3.157764
26112 3.400000
26624 3.556522
27136 3.175155
27648 3.277019
28160 3.065839
28672 155.289441
29184 4.004969
29696 3.531677
30208 3.281988
30720 4.372671
31232 3.344099
31744 3.878261
32256 3.304348
32768 153.586335
33280 3.893168
33792 3.237267
34304 3.519255
34816 3.175155
35328 3.274534
35840 3.250932
36352 3.141615
36864 153.951553
37376 3.942857
37888 3.226087
38400 3.226087
38912 3.110559
39424 3.337888
39936 3.268323
40448 3.247205
40960 186.504348
41472 4.522981
41984 3.339130
42496 3.062112
43008 3.313043
43520 3.373913
44032 3.157764
44544 3.427329
45056 154.294410
45568 4.069565
46080 3.200000
46592 3.378882
47104 3.391304
47616 3.269565
48128 3.289441
48640 3.463354
49152 152.530435
49664 3.890683
50176 3.331677
50688 3.273292
