512 3.627475
1024 4.810644
1536 3.646040
2048 3.532178
2560 3.701733
3072 3.615099
3584 3.455446
4096 316.730198
4608 4.237624
5120 3.430693
5632 3.299505
6144 3.535891
6656 3.372525
7168 3.511139
7680 3.612624
8192 279.811881
8704 4.038366
9216 3.601485
9728 3.615099
10240 3.433168
10752 3.512376
11264 3.455446
11776 3.626238
12288 287.851485
12800 4.232673
13312 3.634901
13824 3.471535
14336 3.497525
14848 4.269802
15360 3.591584
15872 3.429455
16384 330.650990
16896 4.297030
17408 3.689356
17920 3.403465
18432 3.356436
18944 3.698020
19456 3.485149
19968 3.461634
20480 291.092822
20992 4.051980
21504 3.018564
22016 3.573020
22528 3.366337
23040 3.491337
23552 3.342822
24064 3.522277
24576 289.882426
25088 4.299505
25600 3.530941
26112 3.325495
26624 3.555693
27136 3.361386
27648 3.501238
28160 3.599010
28672 325.789604
29184 4.290842
29696 3.599010
30208 3.532178
30720 3.428218
31232 3.548267
31744 3.334158
32256 3.160891
32768 289.840347
33280 4.147277
33792 3.450495
34304 3.570545
34816 3.560644
35328 3.433168
35840 3.521040
36352 3.503713
36864 290.461634
37376 4.070545
37888 3.735149
38400 3.599010
38912 3.603960
39424 3.481436
39936 3.570545
40448 3.622525
40960 368.021040
41472 4.101485
41984 3.470297
42496 3.491337
43008 3.558168
43520 3.222772
44032 3.492574
44544 3.418317
45056 241.141089
45568 4.325495
46080 3.559406
46592 3.122525
47104 3.602723
47616 3.493812
48128 3.512376
48640 3.481436
49152 290.102723
49664 4.399752
50176 3.430693
50688 3.483911
