512 3.800000
1024 5.064596
1536 3.622360
2048 3.811180
2560 3.559006
3072 3.515528
3584 3.637267
4096 227.423602
4608 3.944099
5120 3.385093
5632 3.491925
6144 3.549068
6656 3.583851
7168 3.647205
7680 3.573913
8192 204.219876
8704 4.209938
9216 3.578882
9728 3.075776
10240 3.437267
10752 3.860870
11264 3.411180
11776 3.494410
12288 190.096894
12800 4.314286
13312 3.351553
13824 3.590062
14336 3.575155
14848 3.498137
15360 3.653416
15872 3.518012
16384 191.028571
16896 4.134161
17408 3.577640
17920 3.496894
18432 3.209938
18944 3.529193
19456 3.269565
19968 3.457143
20480 192.398758
20992 4.252174
21504 3.383851
22016 3.596273
22528 3.592547
23040 3.624845
23552 3.484472
24064 3.535404
24576 192.481988
25088 4.212422
25600 3.634783
26112 3.365217
26624 3.913043
27136 3.336646
27648 3.950311
28160 3.582609
28672 211.580124
29184 3.734161
29696 3.070807
30208 3.562733
30720 3.331677
31232 3.542857
31744 3.355280
32256 3.494410
32768 179.219876
33280 4.329193
33792 3.606211
34304 3.503106
34816 3.510559
35328 3.377640
35840 3.527950
36352 3.154037
36864 185.330435
37376 4.321739
37888 3.645963
38400 3.511801
38912 3.418634
39424 3.565217
39936 3.449689
40448 3.479503
40960 192.505590
41472 4.172671
41984 3.588820
42496 3.596273
43008 3.519255
43520 3.852174
44032 3.643478
44544 3.162733
45056 180.730435
45568 4.334161
46080 3.653416
46592 3.506832
47104 3.778882
47616 3.539130
48128 3.443478
48640 3.485714
49152 193.422360
49664 4.108075
50176 3.652174
50688 3.628571
