512 4.053416
1024 4.896894
1536 3.947826
2048 3.530435
2560 3.623602
3072 3.363975
3584 3.484472
4096 221.864596
4608 3.915528
5120 3.578882
5632 3.490683
6144 3.563975
6656 3.486957
7168 3.535404
7680 3.581366
8192 176.614907
8704 4.130435
9216 3.562733
9728 3.488199
10240 3.524224
10752 3.403727
11264 3.499379
11776 3.503106
12288 180.407453
12800 4.232298
13312 3.463354
13824 3.457143
14336 3.504348
14848 3.416149
15360 3.485714
15872 3.539130
16384 191.322981
16896 4.134161
17408 3.561491
17920 3.508075
18432 3.513043
18944 3.048447
19456 3.505590
19968 3.494410
20480 193.130435
20992 4.150311
21504 3.424845
22016 3.431056
22528 3.462112
23040 3.401242
23552 3.407453
24064 3.493168
24576 192.378882
25088 4.232298
25600 3.345342
26112 3.155280
26624 3.296894
27136 3.310559
27648 3.440994
28160 3.465839
28672 193.178882
29184 4.325466
29696 3.351553
30208 3.515528
30720 3.311801
31232 3.345342
31744 3.453416
32256 3.465839
32768 192.536646
33280 4.146584
33792 3.518012
34304 3.537888
34816 3.607453
35328 3.552795
35840 3.491925
36352 3.567702
36864 212.098137
37376 3.759006
37888 3.619876
38400 3.438509
38912 3.503106
39424 3.459627
39936 3.289441
40448 3.386335
40960 185.192547
41472 4.386335
41984 3.582609
42496 3.443478
43008 3.515528
43520 3.304348
44032 3.375155
44544 3.496894
45056 175.749068
45568 4.283230
46080 3.624845
46592 3.277019
47104 3.045963
47616 3.416149
48128 3.530435
48640 3.376398
49152 188.286957
49664 4.356522
50176 3.483230
50688 3.611180
