512 4.090571
1024 5.433002
1536 3.434243
2048 3.323821
2560 3.209677
3072 3.281638
3584 3.238213
4096 209.377171
4608 3.516129
5120 3.122829
5632 3.193548
6144 3.767990
6656 3.089330
7168 3.083127
7680 2.827543
8192 219.157568
8704 3.545906
9216 3.104218
9728 3.091811
10240 3.152605
10752 3.191067
11264 3.150124
11776 3.089330
12288 217.011166
12800 3.586849
13312 3.140199
13824 3.179901
14336 3.205955
14848 3.081886
15360 3.055831
15872 2.867246
16384 198.908189
16896 3.878412
17408 3.219603
17920 3.199752
18432 3.220844
18944 2.857320
19456 3.193548
19968 3.040943
20480 194.369727
20992 3.823821
21504 3.223325
22016 3.193548
22528 3.183623
23040 2.838710
23552 3.225806
24064 2.877171
24576 194.818859
25088 4.023573
25600 3.192308
26112 3.148883
26624 2.970223
27136 3.291563
27648 2.981390
28160 3.307692
28672 193.559553
29184 3.506203
29696 3.018610
30208 2.954094
30720 2.952854
31232 2.975186
31744 2.939206
32256 3.125310
32768 217.440447
33280 4.151365
33792 3.208437
34304 3.678660
34816 3.152605
35328 3.467742
35840 3.147643
36352 3.374690
36864 176.843672
37376 3.811414
37888 3.380893
38400 3.153846
38912 3.068238
39424 3.171216
39936 3.032258
40448 3.253102
40960 191.674938
41472 3.662531
41984 3.197270
42496 3.165012
43008 3.059553
43520 3.280397
44032 2.992556
44544 2.987593
45056 183.106700
45568 3.760546
46080 3.114144
46592 3.084367
47104 2.966501
47616 3.004963
48128 3.326303
48640 3.073201
49152 194.869727
49664 3.605459
50176 3.053350
50688 3.147643
