512 3.847205
1024 5.479503
1536 3.504348
2048 3.335404
2560 3.486957
3072 3.554037
3584 3.008696
4096 225.129193
4608 4.267081
5120 3.607453
5632 3.573913
6144 3.407453
6656 3.772671
7168 3.268323
7680 3.354037
8192 181.431056
8704 4.385093
9216 3.238509
9728 3.081988
10240 3.701863
10752 3.491925
11264 3.551553
11776 3.592547
12288 189.954037
12800 4.211180
13312 3.453416
13824 3.400000
14336 3.433540
14848 3.300621
15360 3.231056
15872 3.496894
16384 192.827329
16896 4.009938
17408 3.146584
17920 3.259627
18432 3.426087
18944 3.514286
19456 3.465839
19968 3.259627
20480 192.785093
20992 4.216149
21504 3.402484
22016 3.475776
22528 3.442236
23040 3.496894
23552 3.667081
24064 3.478261
24576 193.111801
25088 4.284472
25600 3.477019
26112 3.529193
26624 3.624845
27136 3.473292
27648 3.500621
28160 3.541615
28672 190.614907
29184 3.890683
29696 3.429814
30208 3.998758
30720 3.520497
31232 3.337888
31744 3.416149
32256 3.458385
32768 216.757764
33280 3.818634
33792 3.567702
34304 3.455901
34816 3.509317
35328 3.582609
35840 3.467081
36352 3.527950
36864 179.891925
37376 4.513043
37888 3.493168
38400 3.529193
38912 3.565217
39424 3.542857
39936 3.678261
40448 3.577640
40960 181.099379
41472 4.196273
41984 3.181366
42496 3.426087
43008 3.499379
43520 3.175155
44032 3.518012
44544 3.124224
45056 182.859627
45568 4.157764
46080 3.526708
46592 3.397516
47104 3.479503
47616 3.520497
48128 3.494410
48640 3.485714
49152 192.836025
49664 4.258385
50176 3.546584
50688 3.473292
