512 3.596035
1024 5.286245
1536 4.174721
2048 3.482032
2560 3.573730
3072 3.661710
3584 3.505576
4096 242.600991
4608 3.993804
5120 3.363073
5632 3.219331
6144 3.060719
6656 3.168525
7168 3.630731
7680 3.522924
8192 311.332094
8704 4.106568
9216 3.401487
9728 3.727385
10240 3.576208
10752 3.520446
11264 3.546468
11776 3.622057
12288 335.655514
12800 4.369269
13312 3.472119
13824 3.640644
14336 3.467162
14848 3.475836
15360 3.602230
15872 3.391574
16384 299.964064
16896 4.175960
17408 3.429988
17920 3.568773
18432 3.479554
18944 3.434944
19456 3.603470
19968 3.317224
20480 337.223048
20992 4.199504
21504 3.702602
22016 3.342007
22528 3.592317
23040 3.365551
23552 3.535316
24064 3.368030
24576 299.638166
25088 4.442379
25600 3.335812
26112 3.226766
26624 3.410161
27136 3.724907
27648 3.714994
28160 3.059480
28672 337.651797
29184 4.244114
29696 3.774473
30208 3.578686
30720 3.546468
31232 3.508055
31744 3.586121
32256 3.513011
32768 301.318463
33280 4.298637
33792 3.522924
34304 3.679058
34816 3.553903
35328 3.660471
35840 3.422553
36352 3.434944
36864 333.729864
37376 4.648079
37888 3.374226
38400 3.255266
38912 3.479554
39424 3.394052
39936 3.399009
40448 3.468401
40960 302.250310
41472 4.013631
41984 3.572491
42496 3.499380
43008 3.416357
43520 3.252788
44032 3.513011
44544 3.535316
45056 323.375465
45568 4.324659
46080 3.496902
46592 3.589839
47104 3.650558
47616 3.490706
48128 3.605948
48640 3.522924
49152 301.133829
49664 4.482032
50176 3.593556
50688 3.508055
