512 4.550868
1024 6.650124
1536 3.527295
2048 3.377171
2560 3.672457
3072 3.439206
3584 3.692308
4096 265.873449
4608 3.883375
5120 3.674938
5632 3.441687
6144 3.487593
6656 3.428040
7168 3.467742
7680 3.492556
8192 198.359801
8704 3.892060
9216 3.229529
9728 3.375931
10240 3.846154
10752 3.312655
11264 3.325062
11776 3.436725
12288 217.398263
12800 4.106700
13312 3.292804
13824 3.349876
14336 3.289082
14848 3.308933
15360 3.307692
15872 3.248139
16384 210.859801
16896 4.559553
17408 3.326303
17920 3.457816
18432 3.466501
18944 3.468983
19456 3.328784
19968 3.400744
20480 193.856079
20992 4.112903
21504 3.284119
22016 3.274194
22528 3.486352
23040 3.363524
23552 3.513648
24064 3.359801
24576 192.384615
25088 4.228288
25600 3.548387
26112 3.203474
26624 3.401985
27136 3.272953
27648 3.109181
28160 3.524814
28672 193.130273
29184 4.178660
29696 3.299007
30208 3.241935
30720 3.446650
31232 3.333747
31744 3.251861
32256 3.454094
32768 192.705955
33280 4.299007
33792 3.284119
34304 3.337469
34816 3.358561
35328 3.403226
35840 3.071960
36352 3.379653
36864 192.759305
37376 4.405707
37888 3.356079
38400 3.421836
38912 3.316377
39424 3.609181
39936 3.643921
40448 3.426799
40960 193.218362
41472 4.316377
41984 3.308933
42496 3.318859
43008 3.354839
43520 3.826303
44032 3.296526
44544 3.369727
45056 183.259305
45568 4.162531
46080 3.573201
46592 3.487593
47104 3.426799
47616 3.471464
48128 3.475186
48640 3.451613
49152 192.043424
49664 4.269231
50176 3.545906
50688 3.264268
