512 4.150311
1024 4.888199
1536 3.586335
2048 4.475776
2560 3.583851
3072 3.606211
3584 3.612422
4096 225.802484
4608 4.090683
5120 3.700621
5632 3.591304
6144 3.604969
6656 3.633540
7168 3.685714
7680 3.740373
8192 183.903106
8704 4.447205
9216 3.547826
9728 3.602484
10240 3.561491
10752 3.588820
11264 3.521739
11776 3.577640
12288 190.264596
12800 4.355280
13312 3.668323
13824 3.619876
14336 3.626087
14848 3.647205
15360 3.638509
15872 3.674534
16384 189.229814
16896 4.172671
17408 3.765217
17920 3.371429
18432 3.118012
18944 3.595031
19456 3.290683
19968 3.672050
20480 193.175155
20992 4.375155
21504 3.259627
22016 3.616149
22528 3.604969
23040 3.591304
23552 3.551553
24064 3.771429
24576 191.147826
25088 4.250932
25600 3.545342
26112 3.597516
26624 3.531677
27136 3.585093
27648 3.499379
28160 3.742857
28672 192.604969
29184 4.190062
29696 3.636025
30208 3.563975
30720 3.432298
31232 3.626087
31744 3.906832
32256 3.616149
32768 190.848447
33280 4.439752
33792 3.647205
34304 3.462112
34816 3.678261
35328 3.570186
35840 3.440994
36352 3.653416
36864 191.719255
37376 4.294410
37888 3.577640
38400 3.552795
38912 3.540373
39424 3.547826
39936 3.540373
40448 3.642236
40960 191.839752
41472 4.429814
41984 3.685714
42496 3.685714
43008 3.725466
43520 3.787578
44032 3.614907
44544 3.725466
45056 181.414907
45568 4.291925
46080 3.628571
46592 3.611180
47104 3.591304
47616 3.597516
48128 3.624845
48640 3.619876
49152 192.196273
49664 3.952795
50176 4.992547
50688 3.695652
