512 3.842236
1024 5.639752
1536 3.654658
2048 3.298137
2560 3.244720
3072 3.424845
3584 3.561491
4096 225.306832
4608 4.346584
5120 3.700621
5632 3.342857
6144 3.318012
6656 2.982609
7168 3.536646
7680 3.747826
8192 214.617391
8704 3.638509
9216 3.467081
9728 3.503106
10240 3.423602
10752 3.596273
11264 3.506832
11776 3.454658
12288 179.985093
12800 3.845963
13312 3.452174
13824 3.428571
14336 3.448447
14848 3.429814
15360 3.422360
15872 3.491925
16384 182.483230
16896 4.229814
17408 3.474534
17920 3.563975
18432 3.438509
18944 3.373913
19456 3.140373
19968 3.465839
20480 192.514286
20992 4.244720
21504 3.505590
22016 3.468323
22528 3.562733
23040 3.565217
23552 3.436025
24064 3.522981
24576 191.375155
25088 4.378882
25600 3.550311
26112 3.535404
26624 3.696894
27136 3.503106
27648 3.152795
28160 3.542857
28672 192.496894
29184 4.356522
29696 3.645963
30208 3.306832
30720 3.409938
31232 4.007453
31744 3.536646
32256 3.388820
32768 193.780124
33280 3.467081
33792 3.621118
34304 3.496894
34816 3.506832
35328 3.426087
35840 2.990062
36352 3.404969
36864 193.354037
37376 4.275776
37888 3.463354
38400 3.493168
38912 3.582609
39424 4.321739
39936 3.172671
40448 3.391304
40960 189.986335
41472 4.171429
41984 3.621118
42496 3.488199
43008 3.465839
43520 3.113043
44032 3.475776
44544 3.519255
45056 182.658385
45568 4.118012
46080 3.342857
46592 3.477019
47104 3.567702
47616 3.567702
48128 4.580124
48640 3.253416
49152 193.026087
49664 4.407453
50176 3.663354
50688 3.252174
