512 3.997516
1024 5.541615
1536 3.811180
2048 3.609938
2560 3.633540
3072 3.550311
3584 3.659627
4096 205.417391
4608 4.147826
5120 3.280745
5632 3.645963
6144 3.684472
6656 3.705590
7168 3.725466
7680 3.775155
8192 180.222360
8704 4.290683
9216 3.546584
9728 3.561491
10240 3.590062
10752 3.621118
11264 3.567702
11776 3.619876
12288 190.443478
12800 4.506832
13312 3.660870
13824 3.685714
14336 3.672050
14848 3.649689
15360 3.593789
15872 3.696894
16384 190.059627
16896 4.383851
17408 3.633540
17920 3.604969
18432 3.601242
18944 3.582609
19456 3.581366
19968 3.580124
20480 190.968944
20992 4.283230
21504 3.566460
22016 3.626087
22528 3.367702
23040 3.557764
23552 3.472050
24064 3.285714
24576 192.479503
25088 4.346584
25600 3.541615
26112 3.664596
26624 3.577640
27136 3.626087
27648 3.662112
28160 3.595031
28672 190.714286
29184 4.419876
29696 3.556522
30208 3.573913
30720 3.576398
31232 3.554037
31744 3.563975
32256 3.591304
32768 191.422360
33280 4.336646
33792 3.530435
34304 3.544099
34816 3.557764
35328 3.570186
35840 3.542857
36352 3.607453
36864 191.491925
37376 4.372671
37888 3.404969
38400 3.572671
38912 3.478261
39424 3.577640
39936 3.550311
40448 3.640994
40960 191.996273
41472 4.366460
41984 3.494410
42496 3.683230
43008 3.407453
43520 3.906832
44032 3.653416
44544 3.345342
45056 181.950311
45568 4.129193
46080 3.439752
46592 3.560248
47104 3.606211
47616 3.545342
48128 3.588820
48640 3.219876
49152 191.793789
49664 4.407453
50176 3.309317
50688 3.554037
