512 8.132754
1024 5.368486
1536 4.043424
2048 3.321340
2560 3.500000
3072 3.545906
3584 3.585608
4096 201.591811
4608 4.411911
5120 3.723325
5632 3.610422
6144 3.271712
6656 3.650124
7168 4.063275
7680 3.735732
8192 151.300248
8704 4.604218
9216 3.621588
9728 3.563275
10240 3.619107
10752 3.543424
11264 3.553350
11776 3.911911
12288 149.434243
12800 4.277916
13312 3.504963
13824 3.596774
14336 3.547146
14848 4.136476
15360 3.456576
15872 3.534739
16384 147.348635
16896 4.457816
17408 3.727047
17920 3.486352
18432 3.658809
18944 3.782878
19456 3.653846
19968 3.540943
20480 147.679901
20992 4.339950
21504 3.411911
22016 3.516129
22528 3.564516
23040 3.480149
23552 3.590571
24064 3.550868
24576 147.937965
25088 4.379653
25600 3.645161
26112 3.528536
26624 3.470223
27136 3.470223
27648 3.545906
28160 3.745658
28672 147.120347
29184 4.509926
29696 3.763027
30208 3.640199
30720 3.544665
31232 3.658809
31744 3.560794
32256 3.189826
32768 147.915633
33280 4.635236
33792 3.767990
34304 3.598015
34816 3.542184
35328 3.620347
35840 3.507444
36352 3.519851
36864 147.997519
37376 4.548387
37888 3.678660
38400 3.611663
38912 3.468983
39424 3.455335
39936 3.651365
40448 3.500000
40960 147.276675
41472 4.586849
41984 3.638958
42496 3.746898
43008 3.518610
43520 3.392060
44032 3.708437
44544 3.699752
45056 149.044665
45568 4.506203
46080 3.431762
46592 3.702233
47104 3.719603
47616 3.661290
48128 3.545906
48640 3.735732
49152 154.024814
49664 4.465261
50176 3.710918
50688 3.646402
