512 4.730435
1024 11.367702
1536 3.992547
2048 3.239752
2560 3.393789
3072 3.295652
3584 3.562733
4096 5221.006211
4608 7.879503
5120 3.695652
5632 3.231056
6144 3.520497
6656 3.817391
7168 3.332919
7680 3.611180
8192 327.838509
8704 4.218634
9216 3.228571
9728 3.132919
10240 3.314286
10752 3.354037
11264 3.136646
11776 3.213665
12288 213.547826
12800 3.967702
13312 3.385093
13824 2.937888
14336 3.171429
14848 3.223602
15360 3.417391
15872 3.049689
16384 181.013665
16896 3.833540
17408 3.306832
17920 3.362733
18432 3.212422
18944 3.278261
19456 3.301863
19968 3.303106
20480 177.628571
20992 3.672050
21504 3.214907
22016 3.311801
22528 3.187578
23040 3.265839
23552 3.349068
24064 3.468323
24576 194.306832
25088 3.591304
25600 3.290683
26112 3.280745
26624 3.453416
27136 3.300621
27648 3.121739
28160 3.404969
28672 192.668323
29184 3.982609
29696 3.288199
30208 3.525466
30720 3.473292
31232 3.414907
31744 3.908075
32256 3.392547
32768 810.988820
33280 4.510559
33792 3.226087
34304 3.244720
34816 3.130435
35328 3.110559
35840 3.083230
36352 3.084472
36864 232.955280
37376 3.940373
37888 3.157764
38400 3.275776
38912 3.285714
39424 3.500621
39936 3.290683
40448 3.290683
40960 190.202484
41472 3.878261
41984 3.463354
42496 3.090683
43008 3.116770
43520 3.490683
44032 3.170186
44544 3.315528
45056 181.472050
45568 3.827329
46080 3.192547
46592 3.434783
47104 3.098137
47616 3.166460
48128 3.411180
48640 3.349068
49152 191.541615
49664 3.804969
50176 3.043478
50688 3.257143
