512 4.044720
1024 5.004969
1536 3.771429
2048 3.766460
2560 3.571429
3072 3.429814
3584 3.534161
4096 218.668323
4608 4.571429
5120 3.534161
5632 3.126708
6144 3.568944
6656 3.470807
7168 3.428571
7680 3.650932
8192 198.473292
8704 3.804969
9216 3.445963
9728 3.100621
10240 3.413665
10752 3.316770
11264 3.196273
11776 3.409938
12288 181.387578
12800 4.535404
13312 3.484472
13824 3.325466
14336 3.375155
14848 3.662112
15360 3.467081
15872 3.617391
16384 185.660870
16896 4.550311
17408 3.511801
17920 3.313043
18432 3.344099
18944 3.563975
19456 2.990062
19968 3.488199
20480 191.472050
20992 4.534161
21504 3.488199
22016 3.361491
22528 3.349068
23040 3.529193
23552 3.360248
24064 3.127950
24576 192.772671
25088 4.444720
25600 3.401242
26112 3.662112
26624 3.392547
27136 3.381366
27648 3.556522
28160 3.085714
28672 191.864596
29184 4.375155
29696 3.618634
30208 3.218634
30720 3.370186
31232 3.365217
31744 3.273292
32256 3.065839
32768 194.376398
33280 4.360248
33792 3.481988
34304 3.442236
34816 3.295652
35328 3.442236
35840 3.508075
36352 3.296894
36864 191.455901
37376 4.468323
37888 3.345342
38400 3.624845
38912 3.290683
39424 3.664596
39936 3.308075
40448 3.624845
40960 195.171429
41472 3.649689
41984 3.618634
42496 3.511801
43008 3.418634
43520 3.836025
44032 3.619876
44544 3.821118
45056 186.772671
45568 4.303106
46080 3.547826
46592 3.467081
47104 3.591304
47616 3.400000
48128 3.391304
48640 3.511801
49152 187.577640
49664 4.011180
50176 3.462112
50688 3.255901
