512 5.276332
1024 6.027261
1536 3.298637
2048 3.058240
2560 3.364312
3072 3.285006
3584 3.462206
4096 285.717472
4608 4.204461
5120 3.470880
5632 3.623296
6144 3.473358
6656 3.183395
7168 3.602230
7680 3.558860
8192 212.656753
8704 4.387856
9216 3.716233
9728 3.431227
10240 3.530359
10752 3.452292
11264 3.354399
11776 3.624535
12288 211.760843
12800 4.130112
13312 3.551425
13824 3.216853
14336 3.546468
14848 3.560099
15360 3.712515
15872 3.506815
16384 197.086741
16896 4.255266
17408 3.705081
17920 3.477076
18432 3.465923
18944 3.143742
19456 3.640644
19968 3.436183
20480 192.698885
20992 4.070632
21504 3.571252
22016 3.524164
22528 3.436183
23040 3.604709
23552 3.387856
24064 3.898389
24576 190.356877
25088 4.304833
25600 3.698885
26112 3.520446
26624 3.490706
27136 3.517968
27648 3.587361
28160 3.527881
28672 191.743494
29184 4.149938
29696 3.219331
30208 3.365551
30720 3.561338
31232 3.416357
31744 3.520446
32256 3.368030
32768 191.822800
33280 4.140025
33792 3.553903
34304 3.514250
34816 3.593556
35328 3.531599
35840 3.556382
36352 3.496902
36864 192.924411
37376 4.577447
37888 3.516729
38400 3.384139
38912 3.557621
39424 3.361834
39936 3.503098
40448 3.351921
40960 190.869888
41472 4.052045
41984 3.587361
42496 3.486989
43008 3.561338
43520 3.214374
44032 3.583643
44544 3.570012
45056 183.535316
45568 4.307311
46080 3.355638
46592 3.343247
47104 3.364312
47616 3.513011
48128 3.421314
48640 3.501859
49152 191.287485
49664 4.166047
50176 3.659232
50688 3.484511
