512 3.681988
1024 10.132919
1536 3.505590
2048 3.224845
2560 2.822360
3072 3.004969
3584 3.059627
4096 264.284472
4608 3.701863
5120 3.083230
5632 3.163975
6144 3.191304
6656 3.332919
7168 3.131677
7680 3.127950
8192 184.806211
8704 3.760248
9216 2.970186
9728 2.997516
10240 3.157764
10752 3.168944
11264 2.965217
11776 3.208696
12288 179.814907
12800 3.766460
13312 3.057143
13824 3.137888
14336 3.355280
14848 3.177640
15360 3.081988
15872 3.168944
16384 190.936646
16896 3.736646
17408 3.262112
17920 3.204969
18432 2.941615
18944 3.304348
19456 2.988820
19968 3.320497
20480 193.171429
20992 3.493168
21504 2.920497
22016 3.053416
22528 2.971429
23040 3.190062
23552 2.968944
24064 2.996273
24576 220.869565
25088 4.144099
25600 3.159006
26112 3.017391
26624 3.098137
27136 3.311801
27648 3.283230
28160 3.463354
28672 192.272050
29184 3.756522
29696 2.936646
30208 3.165217
30720 3.203727
31232 3.157764
31744 3.223602
32256 3.114286
32768 183.778882
33280 3.664596
33792 3.120497
34304 3.132919
34816 3.028571
35328 3.183851
35840 3.177640
36352 2.839752
36864 181.034783
37376 3.872050
37888 3.121739
38400 3.135404
38912 2.929193
39424 3.382609
39936 3.135404
40448 3.131677
40960 202.190062
41472 3.819876
41984 3.226087
42496 2.901863
43008 3.427329
43520 3.638509
44032 3.217391
44544 3.137888
45056 182.693168
45568 3.817391
46080 2.947826
46592 3.101863
47104 3.221118
47616 3.111801
48128 3.146584
48640 3.299379
49152 190.378882
49664 3.906832
50176 3.170186
50688 3.152795
