512 4.146584
1024 5.483230
1536 3.729193
2048 3.583851
2560 3.559006
3072 3.555280
3584 3.894410
4096 226.239752
4608 4.459627
5120 3.537888
5632 3.383851
6144 3.593789
6656 3.602484
7168 3.619876
7680 3.767702
8192 181.236025
8704 4.269565
9216 3.532919
9728 3.566460
10240 3.531677
10752 3.560248
11264 3.524224
11776 3.637267
12288 191.300621
12800 4.347826
13312 3.576398
13824 3.654658
14336 3.349068
14848 3.544099
15360 3.447205
15872 3.342857
16384 191.639752
16896 4.308075
17408 4.163975
17920 3.780124
18432 3.991304
18944 3.763975
19456 3.809938
19968 3.742857
20480 189.968944
20992 4.513043
21504 3.636025
22016 3.570186
22528 3.541615
23040 3.525466
23552 3.708075
24064 3.462112
24576 190.357764
25088 4.330435
25600 3.684472
26112 3.432298
26624 3.665839
27136 3.598758
27648 3.578882
28160 3.667081
28672 192.223602
29184 4.254658
29696 3.556522
30208 3.171429
30720 3.475776
31232 3.561491
31744 3.596273
32256 3.245963
32768 191.669565
33280 4.434783
33792 3.715528
34304 3.715528
34816 3.708075
35328 3.701863
35840 3.755280
36352 3.715528
36864 213.387578
37376 4.028571
37888 3.114286
38400 3.488199
38912 3.458385
39424 3.525466
39936 3.575155
40448 3.566460
40960 181.351553
41472 4.347826
41984 3.525466
42496 3.770186
43008 3.596273
43520 3.768944
44032 3.547826
44544 3.445963
45056 174.967702
45568 4.406211
46080 3.683230
46592 3.573913
47104 3.577640
47616 3.598758
48128 3.539130
48640 3.618634
49152 188.894410
49664 4.442236
50176 3.638509
50688 3.706832
