512 3.699379
1024 4.990062
1536 3.785093
2048 3.458385
2560 3.669565
3072 3.813665
3584 3.636025
4096 191.978882
4608 3.968944
5120 3.598758
5632 3.337888
6144 3.536646
6656 3.531677
7168 3.633540
7680 3.454658
8192 177.152795
8704 4.147826
9216 3.791304
9728 3.303106
10240 3.447205
10752 3.510559
11264 3.500621
11776 3.504348
12288 190.530435
12800 4.103106
13312 3.494410
13824 3.115528
14336 3.614907
14848 3.086957
15360 3.509317
15872 3.485714
16384 193.365217
16896 4.290683
17408 3.375155
17920 3.587578
18432 3.197516
18944 3.509317
19456 3.157764
19968 3.428571
20480 191.172671
20992 4.306832
21504 3.585093
22016 3.447205
22528 3.545342
23040 3.130435
23552 3.619876
24064 3.526708
24576 190.793789
25088 4.265839
25600 3.315528
26112 3.581366
26624 3.467081
27136 3.398758
27648 3.552795
28160 3.545342
28672 193.268323
29184 4.565217
29696 3.473292
30208 3.639752
30720 3.468323
31232 3.623602
31744 3.362733
32256 3.588820
32768 189.877019
33280 4.459627
33792 3.411180
34304 3.380124
34816 3.673292
35328 3.525466
35840 3.463354
36352 3.171429
36864 193.826087
37376 4.327950
37888 3.356522
38400 3.573913
38912 3.571429
39424 3.537888
39936 3.477019
40448 3.557764
40960 191.177640
41472 4.231056
41984 3.334161
42496 3.505590
43008 3.382609
43520 3.397516
44032 3.508075
44544 3.521739
45056 183.003727
45568 4.281988
46080 3.356522
46592 3.513043
47104 3.386335
47616 3.556522
48128 3.686957
48640 3.083230
49152 192.752795
49664 4.294410
50176 3.298137
50688 3.529193
