512 3.660870
1024 4.668323
1536 3.915528
2048 3.535404
2560 3.177640
3072 3.514286
3584 3.534161
4096 187.756522
4608 4.216149
5120 3.593789
5632 3.759006
6144 3.402484
6656 3.536646
7168 3.380124
7680 3.559006
8192 175.237267
8704 4.341615
9216 3.571429
9728 3.254658
10240 3.582609
10752 3.695652
11264 3.505590
11776 3.608696
12288 185.074534
12800 3.986335
13312 3.315528
13824 3.300621
14336 3.521739
14848 3.344099
15360 3.336646
15872 3.640994
16384 193.896894
16896 4.288199
17408 3.501863
17920 3.495652
18432 3.473292
18944 3.567702
19456 3.303106
19968 3.514286
20480 190.981366
20992 4.286957
21504 3.576398
22016 3.390062
22528 3.207453
23040 3.486957
23552 3.629814
24064 3.176398
24576 192.941615
25088 4.522981
25600 3.751553
26112 3.480745
26624 3.514286
27136 3.470807
27648 3.667081
28160 3.447205
28672 191.306832
29184 4.445963
29696 3.483230
30208 3.518012
30720 3.532919
31232 3.644720
31744 3.452174
32256 3.663354
32768 191.527950
33280 4.259627
33792 3.696894
34304 3.505590
34816 3.417391
35328 3.616149
35840 3.089441
36352 3.546584
36864 194.660870
37376 4.388820
37888 3.559006
38400 3.479503
38912 3.510559
39424 3.587578
39936 3.598758
40448 3.458385
40960 190.119255
41472 4.298137
41984 3.695652
42496 3.465839
43008 3.477019
43520 3.334161
44032 3.363975
44544 3.647205
45056 181.260870
45568 4.349068
46080 3.342857
46592 3.621118
47104 3.479503
47616 3.409938
48128 3.604969
48640 3.337888
49152 193.155280
49664 4.202484
50176 3.423602
50688 3.429814
