512 4.121739
1024 4.908075
1536 4.059627
2048 3.699379
2560 3.724224
3072 3.611180
3584 3.650932
4096 226.119255
4608 4.515528
5120 3.355280
5632 3.324224
6144 3.481988
6656 3.506832
7168 3.703106
7680 3.621118
8192 193.371429
8704 4.701863
9216 3.645963
9728 3.551553
10240 3.561491
10752 3.691925
11264 3.572671
11776 3.698137
12288 188.212422
12800 4.327950
13312 3.575155
13824 3.627329
14336 3.342857
14848 3.557764
15360 3.530435
15872 3.681988
16384 191.547826
16896 4.390062
17408 3.659627
17920 3.627329
18432 3.439752
18944 3.551553
19456 3.665839
19968 3.416149
20480 191.563975
20992 4.344099
21504 3.197516
22016 3.557764
22528 3.510559
23040 3.578882
23552 3.580124
24064 3.647205
24576 191.587578
25088 3.998758
25600 3.557764
26112 3.556522
26624 3.708075
27136 3.556522
27648 3.853416
28160 3.660870
28672 192.201242
29184 4.227329
29696 3.592547
30208 3.614907
30720 3.340373
31232 3.536646
31744 3.580124
32256 3.652174
32768 192.083230
33280 4.504348
33792 3.634783
34304 3.670807
34816 3.670807
35328 3.844720
35840 3.665839
36352 3.751553
36864 190.638509
37376 4.329193
37888 3.632298
38400 3.925466
38912 3.431056
39424 3.636025
39936 3.617391
40448 3.469565
40960 191.380124
41472 4.310559
41984 3.541615
42496 3.515528
43008 3.648447
43520 3.449689
44032 3.638509
44544 3.652174
45056 182.026087
45568 4.248447
46080 3.253416
46592 3.609938
47104 3.632298
47616 3.590062
48128 3.571429
48640 3.586335
49152 193.154037
49664 4.339130
50176 3.178882
50688 3.678261
