512 3.952795
1024 5.316770
1536 3.403727
2048 3.708075
2560 3.683230
3072 3.627329
3584 3.667081
4096 188.932919
4608 4.237267
5120 3.652174
5632 3.532919
6144 3.643478
6656 3.591304
7168 3.440994
7680 3.660870
8192 176.452174
8704 4.303106
9216 3.626087
9728 3.530435
10240 3.583851
10752 3.708075
11264 3.796273
11776 3.573913
12288 178.144099
12800 4.290683
13312 3.653416
13824 3.606211
14336 3.598758
14848 3.545342
15360 3.591304
15872 3.582609
16384 191.516770
16896 4.216149
17408 3.223602
17920 3.534161
18432 3.601242
18944 3.559006
19456 3.612422
19968 3.568944
20480 192.431056
20992 4.444720
21504 3.690683
22016 3.592547
22528 3.752795
23040 3.639752
23552 3.587578
24064 3.638509
24576 191.160248
25088 4.491925
25600 3.719255
26112 3.386335
26624 3.701863
27136 3.703106
27648 3.704348
28160 3.703106
28672 189.855901
29184 4.265839
29696 3.545342
30208 3.583851
30720 3.583851
31232 3.591304
31744 3.591304
32256 3.742857
32768 191.342857
33280 4.283230
33792 3.694410
34304 3.571429
34816 3.606211
35328 3.597516
35840 3.551553
36352 3.592547
36864 191.299379
37376 4.345342
37888 3.555280
38400 3.542857
38912 3.649689
39424 3.730435
39936 3.715528
40448 3.690683
40960 190.914286
41472 4.304348
41984 3.587578
42496 3.617391
43008 3.515528
43520 3.347826
44032 3.406211
44544 3.619876
45056 184.248447
45568 4.365217
46080 3.853416
46592 3.613665
47104 3.708075
47616 3.686957
48128 3.684472
48640 3.721739
49152 189.793789
49664 4.401242
50176 3.770186
50688 3.534161
