512 3.951553
1024 5.409938
1536 3.985093
2048 3.595031
2560 3.685714
3072 3.843478
3584 3.773913
4096 189.022360
4608 4.593789
5120 3.736646
5632 3.514286
6144 3.237267
6656 3.726708
7168 3.831056
7680 3.621118
8192 177.447205
8704 4.602484
9216 3.433540
9728 3.663354
10240 3.639752
10752 5.070807
11264 3.701863
11776 3.567702
12288 182.924224
12800 4.458385
13312 3.665839
13824 3.458385
14336 3.811180
14848 3.736646
15360 3.481988
15872 3.508075
16384 190.639752
16896 4.675776
17408 3.724224
17920 3.645963
18432 3.628571
18944 3.818634
19456 4.595031
19968 3.908075
20480 190.401242
20992 4.597516
21504 3.535404
22016 3.659627
22528 3.643478
23040 3.681988
23552 3.583851
24064 4.019876
24576 189.936646
25088 4.675776
25600 3.670807
26112 3.544099
26624 3.491925
27136 3.354037
27648 3.806211
28160 3.363975
28672 211.120497
29184 3.983851
29696 3.603727
30208 3.539130
30720 3.516770
31232 3.412422
31744 3.602484
32256 3.559006
32768 179.652174
33280 4.560248
33792 3.786335
34304 3.642236
34816 3.754037
35328 3.519255
35840 4.296894
36352 3.626087
36864 184.118012
37376 4.489441
37888 3.531677
38400 3.650932
38912 3.648447
39424 3.654658
39936 3.499379
40448 3.531677
40960 192.075776
41472 4.535404
41984 3.915528
42496 3.565217
43008 3.730435
43520 3.809938
44032 3.873292
44544 3.209938
45056 181.089441
45568 4.540373
46080 3.740373
46592 3.485714
47104 3.514286
47616 3.412422
48128 3.397516
48640 3.366460
49152 192.469565
49664 4.571429
50176 3.539130
50688 3.617391
