512 4.073292
1024 5.720497
1536 3.402484
2048 3.603727
2560 3.378882
3072 3.612422
3584 3.454658
4096 200.537888
4608 4.549068
5120 3.791304
5632 3.798758
6144 3.642236
6656 3.573913
7168 3.585093
7680 3.663354
8192 179.640994
8704 4.371429
9216 3.762733
9728 3.681988
10240 3.592547
10752 3.847205
11264 3.659627
11776 3.688199
12288 189.095652
12800 4.308075
13312 3.745342
13824 3.526708
14336 3.563975
14848 3.557764
15360 3.821118
15872 3.886957
16384 189.983851
16896 4.259627
17408 3.826087
17920 3.698137
18432 3.756522
18944 3.514286
19456 3.540373
19968 3.555280
20480 191.003727
20992 3.904348
21504 3.622360
22016 3.412422
22528 3.486957
23040 3.453416
23552 3.627329
24064 3.438509
24576 211.736646
25088 3.981366
25600 3.322981
26112 3.577640
26624 3.662112
27136 3.549068
27648 3.521739
28160 3.693168
28672 181.437267
29184 4.154037
29696 3.757764
30208 3.931677
30720 3.836025
31232 3.849689
31744 3.790062
32256 3.806211
32768 180.881988
33280 4.698137
33792 3.611180
34304 3.347826
34816 3.429814
35328 3.618634
35840 3.491925
36352 3.227329
36864 191.508075
37376 4.520497
37888 3.453416
38400 3.639752
38912 3.567702
39424 3.565217
39936 3.643478
40448 3.050932
40960 192.730435
41472 4.445963
41984 3.470807
42496 3.679503
43008 3.433540
43520 3.478261
44032 3.636025
44544 3.209938
45056 182.913043
45568 4.421118
46080 4.016149
46592 3.534161
47104 3.608696
47616 3.680745
48128 4.019876
48640 3.516770
49152 191.105590
49664 4.689441
50176 3.489441
50688 3.532919
