512 3.680745
1024 5.060870
1536 3.607453
2048 3.827329
2560 3.716770
3072 3.706832
3584 3.879503
4096 205.626087
4608 4.286957
5120 3.585093
5632 3.662112
6144 3.600000
6656 3.659627
7168 3.588820
7680 3.654658
8192 178.079503
8704 4.042236
9216 3.674534
9728 3.537888
10240 3.493168
10752 3.325466
11264 3.729193
11776 3.660870
12288 189.264596
12800 4.401242
13312 3.554037
13824 3.079503
14336 3.550311
14848 3.721739
15360 3.489441
15872 3.616149
16384 190.848447
16896 4.393789
17408 3.519255
17920 3.463354
18432 3.491925
18944 3.432298
19456 3.130435
19968 3.438509
20480 192.460870
20992 4.695652
21504 3.464596
22016 3.368944
22528 3.449689
23040 3.111801
23552 3.437267
24064 3.398758
24576 191.472050
25088 4.104348
25600 3.546584
26112 3.534161
26624 3.632298
27136 3.566460
27648 3.530435
28160 3.549068
28672 192.080745
29184 4.223602
29696 3.607453
30208 3.440994
30720 3.481988
31232 3.508075
31744 3.500621
32256 3.490683
32768 191.165217
33280 4.496894
33792 3.562733
34304 3.519255
34816 3.550311
35328 3.532919
35840 3.636025
36352 3.288199
36864 190.807453
37376 4.024845
37888 3.731677
38400 3.547826
38912 3.541615
39424 3.460870
39936 3.449689
40448 3.696894
40960 193.411180
41472 4.386335
41984 3.473292
42496 3.575155
43008 3.626087
43520 3.127950
44032 3.530435
44544 3.464596
45056 182.232298
45568 4.419876
46080 3.654658
46592 3.540373
47104 3.516770
47616 3.489441
48128 3.432298
48640 3.503106
49152 190.986335
49664 4.452174
50176 3.498137
50688 3.572671
