512 3.691925
1024 5.180124
1536 3.761491
2048 3.990062
2560 3.591304
3072 3.618634
3584 3.694410
4096 192.437267
4608 4.181366
5120 3.742857
5632 3.571429
6144 3.631056
6656 3.638509
7168 3.412422
7680 3.639752
8192 183.013665
8704 4.341615
9216 3.762733
9728 3.694410
10240 3.670807
10752 3.725466
11264 3.683230
11776 3.766460
12288 188.240994
12800 4.383851
13312 3.515528
13824 3.643478
14336 3.510559
14848 3.642236
15360 3.485714
15872 3.637267
16384 190.283230
16896 4.365217
17408 3.684472
17920 3.531677
18432 3.557764
18944 3.670807
19456 3.603727
19968 3.429814
20480 190.536646
20992 4.304348
21504 3.366460
22016 3.618634
22528 3.432298
23040 3.628571
23552 3.647205
24064 3.473292
24576 196.890683
25088 4.706832
25600 3.549068
26112 3.597516
26624 3.597516
27136 3.633540
27648 3.629814
28160 3.617391
28672 186.273292
29184 3.890683
29696 3.571429
30208 3.595031
30720 3.621118
31232 3.627329
31744 3.448447
32256 3.706832
32768 192.426087
33280 4.316770
33792 3.519255
34304 3.617391
34816 3.612422
35328 3.633540
35840 3.617391
36352 3.617391
36864 190.683230
37376 4.385093
37888 3.542857
38400 3.709317
38912 3.386335
39424 3.485714
39936 3.725466
40448 3.439752
40960 193.142857
41472 4.473292
41984 3.775155
42496 3.657143
43008 3.786335
43520 3.229814
44032 3.566460
44544 3.650932
45056 181.000000
45568 4.253416
46080 3.664596
46592 3.622360
47104 3.988820
47616 3.219876
48128 3.608696
48640 3.247205
49152 192.160248
49664 4.272050
50176 3.645963
50688 3.601242
