512 3.891925
1024 4.872050
1536 3.881988
2048 3.622360
2560 3.808696
3072 3.488199
3584 3.694410
4096 231.149068
4608 4.638509
5120 3.711801
5632 3.724224
6144 4.114286
6656 3.669565
7168 3.650932
7680 3.659627
8192 200.818634
8704 4.556522
9216 3.472050
9728 3.681988
10240 3.521739
10752 3.659627
11264 3.752795
11776 3.696894
12288 190.243478
12800 4.408696
13312 3.781366
13824 4.226087
14336 3.658385
14848 3.925466
15360 3.860870
15872 3.893168
16384 188.971429
16896 3.870807
17408 3.873292
17920 3.663354
18432 3.603727
18944 3.644720
19456 3.685714
19968 3.608696
20480 190.602484
20992 4.322981
21504 3.580124
22016 3.725466
22528 3.455901
23040 3.632298
23552 3.552795
24064 3.495652
24576 192.668323
25088 4.290683
25600 3.711801
26112 3.454658
26624 3.734161
27136 3.490683
27648 3.486957
28160 3.552795
28672 192.562733
29184 4.454658
29696 3.713043
30208 3.503106
30720 3.603727
31232 3.537888
31744 3.963975
32256 3.891925
32768 190.474534
33280 4.387578
33792 3.744099
34304 3.439752
34816 3.782609
35328 3.540373
35840 3.370186
36352 3.503106
36864 191.513043
37376 4.385093
37888 3.527950
38400 3.550311
38912 4.017391
39424 3.586335
39936 3.350311
40448 3.832298
40960 191.530435
41472 4.552795
41984 3.751553
42496 3.896894
43008 3.761491
43520 3.555280
44032 3.859627
44544 3.776398
45056 186.936646
45568 4.391304
46080 3.382609
46592 3.677019
47104 4.149068
47616 4.037267
48128 3.768944
48640 3.847205
49152 185.737888
49664 4.468323
50176 3.731677
50688 3.662112
