512 3.978934
1024 5.499380
1536 3.644362
2048 3.644362
2560 3.437423
3072 3.491945
3584 3.396530
4096 195.351921
4608 4.389095
5120 3.431227
5632 3.485750
6144 3.617100
6656 3.614622
7168 3.565056
7680 3.598513
8192 407.649318
8704 4.366791
9216 4.464684
9728 3.354399
10240 3.395291
10752 3.484511
11264 3.372986
11776 3.235440
12288 202.692689
12800 4.266419
13312 3.110285
13824 3.596035
14336 3.534077
14848 3.618340
15360 3.539033
15872 3.588600
16384 188.168525
16896 4.444857
17408 3.666667
17920 3.721190
18432 3.110285
18944 3.586121
19456 3.402726
19968 3.573730
20480 189.643123
20992 3.971499
21504 3.589839
22016 3.556382
22528 3.565056
23040 3.536555
23552 3.706320
24064 3.547708
24576 192.775713
25088 4.325898
25600 3.483271
26112 3.474597
26624 3.537794
27136 3.605948
27648 3.428748
28160 3.591078
28672 191.301115
29184 4.403965
29696 3.723668
30208 3.418835
30720 3.545229
31232 3.479554
31744 3.643123
32256 3.457249
32768 190.079306
33280 4.318463
33792 5.382900
34304 3.536555
34816 3.439901
35328 3.561338
35840 3.421314
36352 3.539033
36864 189.858736
37376 4.081784
37888 3.717472
38400 3.493185
38912 3.441140
39424 3.568773
39936 3.494424
40448 3.513011
40960 214.319703
41472 4.068154
41984 3.319703
42496 3.394052
43008 3.662949
43520 3.828996
44032 3.375465
44544 3.573730
45056 218.009913
45568 4.389095
46080 3.456010
46592 3.454771
47104 3.180917
47616 3.615861
48128 3.451053
48640 3.605948
49152 223.215613
49664 4.379182
50176 3.097893
50688 3.591078
