512 4.178882
1024 10.177640
1536 3.360248
2048 3.208696
2560 3.347826
3072 3.331677
3584 3.401242
4096 253.351553
4608 3.833540
5120 3.096894
5632 3.093168
6144 3.542857
6656 3.115528
7168 3.375155
7680 3.320497
8192 219.299379
8704 3.893168
9216 3.203727
9728 3.014907
10240 3.186335
10752 3.132919
11264 3.009938
11776 3.549068
12288 216.566460
12800 3.570186
13312 3.116770
13824 3.224845
14336 3.040994
14848 3.110559
15360 3.265839
15872 3.126708
16384 195.414907
16896 3.659627
17408 3.325466
17920 3.065839
18432 3.520497
18944 3.227329
19456 3.431056
19968 3.167702
20480 192.629814
20992 3.832298
21504 3.196273
22016 3.516770
22528 3.306832
23040 3.269565
23552 3.160248
24064 3.393789
24576 194.481988
25088 3.983851
25600 3.357764
26112 3.264596
26624 3.278261
27136 3.268323
27648 3.259627
28160 3.272050
28672 192.741615
29184 3.731677
29696 3.524224
30208 3.157764
30720 3.498137
31232 3.108075
31744 3.368944
32256 3.095652
32768 192.957764
33280 3.904348
33792 3.154037
34304 3.368944
34816 3.126708
35328 3.383851
35840 3.083230
36352 3.417391
36864 196.990062
37376 4.027329
37888 3.612422
38400 3.231056
38912 3.273292
39424 3.026087
39936 3.298137
40448 3.657143
40960 193.012422
41472 3.806211
41984 3.330435
42496 3.387578
43008 3.253416
43520 3.496894
44032 3.356522
44544 3.375155
45056 182.701863
45568 3.652174
46080 3.500621
46592 3.068323
47104 3.332919
47616 3.109317
48128 3.352795
48640 3.201242
49152 193.857143
49664 3.745342
50176 3.183851
50688 2.932919
