512 3.819876
1024 5.156522
1536 3.693168
2048 3.729193
2560 3.595031
3072 3.648447
3584 3.711801
4096 184.336646
4608 4.008696
5120 3.355280
5632 3.021118
6144 3.462112
6656 3.568944
7168 3.552795
7680 4.032298
8192 176.344099
8704 4.146584
9216 3.609938
9728 3.472050
10240 3.742857
10752 3.445963
11264 3.322981
11776 3.411180
12288 209.360248
12800 3.790062
13312 3.392547
13824 3.398758
14336 3.473292
14848 3.442236
15360 3.392547
15872 3.378882
16384 180.130435
16896 4.608696
17408 3.532919
17920 3.555280
18432 3.591304
18944 3.598758
19456 3.452174
19968 3.565217
20480 181.813665
20992 4.269565
21504 3.481988
22016 3.561491
22528 3.159006
23040 3.485714
23552 3.421118
24064 3.577640
24576 191.055901
25088 4.120497
25600 3.464596
26112 3.367702
26624 3.464596
27136 3.390062
27648 3.029814
28160 3.397516
28672 192.525466
29184 4.727950
29696 3.668323
30208 3.508075
30720 3.529193
31232 3.469565
31744 3.395031
32256 3.167702
32768 211.218634
33280 4.014907
33792 3.213665
34304 3.432298
34816 3.458385
35328 3.365217
35840 3.654658
36352 3.438509
36864 173.269565
37376 3.903106
37888 4.023602
38400 3.613665
38912 3.440994
39424 3.390062
39936 3.368944
40448 3.756522
40960 192.081988
41472 4.223602
41984 3.385093
42496 3.578882
43008 3.479503
43520 3.298137
44032 3.463354
44544 3.445963
45056 186.416149
45568 4.079503
46080 4.535404
46592 3.586335
47104 3.583851
47616 3.506832
48128 3.587578
48640 3.608696
49152 190.263354
49664 4.289441
50176 3.483230
50688 3.156522
