512 3.977640
1024 4.998758
1536 3.237267
2048 3.503106
2560 3.628571
3072 3.583851
3584 3.224845
4096 185.945342
4608 4.395031
5120 3.586335
5632 3.643478
6144 2.997516
6656 3.522981
7168 3.571429
7680 3.690683
8192 197.665839
8704 3.788820
9216 3.686957
9728 3.720497
10240 3.724224
10752 3.744099
11264 3.644720
11776 3.649689
12288 180.370186
12800 3.921739
13312 3.696894
13824 3.611180
14336 3.121739
14848 3.631056
15360 3.818634
15872 3.549068
16384 180.001242
16896 4.570186
17408 3.655901
17920 3.655901
18432 3.450932
18944 3.693168
19456 3.648447
19968 3.462112
20480 189.924224
20992 4.309317
21504 3.547826
22016 3.568944
22528 3.626087
23040 3.606211
23552 3.681988
24064 3.286957
24576 192.416149
25088 4.360248
25600 3.606211
26112 3.318012
26624 3.531677
27136 3.578882
27648 3.629814
28160 3.649689
28672 191.847205
29184 4.232298
29696 3.529193
30208 3.583851
30720 3.555280
31232 3.586335
31744 3.527950
32256 3.658385
32768 191.329193
33280 3.927950
33792 3.802484
34304 3.573913
34816 3.567702
35328 3.545342
35840 3.612422
36352 3.592547
36864 193.629814
37376 4.247205
37888 3.699379
38400 3.618634
38912 3.672050
39424 3.606211
39936 3.592547
40448 3.642236
40960 189.750311
41472 4.284472
41984 3.681988
42496 3.387578
43008 3.481988
43520 3.347826
44032 3.447205
44544 3.639752
45056 186.638509
45568 4.121739
46080 3.659627
46592 3.433540
47104 3.655901
47616 3.587578
48128 3.460870
48640 3.648447
49152 189.929193
49664 3.973913
50176 3.232298
50688 3.631056
