512 3.957764
1024 5.306832
1536 3.135404
2048 3.575155
2560 3.727950
3072 3.541615
3584 3.585093
4096 224.175155
4608 4.069565
5120 3.516770
5632 3.402484
6144 3.562733
6656 3.532919
7168 3.491925
7680 3.479503
8192 206.249689
8704 4.042236
9216 3.375155
9728 3.547826
10240 3.342857
10752 3.468323
11264 3.370186
11776 3.540373
12288 188.498137
12800 4.160248
13312 3.654658
13824 3.506832
14336 3.493168
14848 3.417391
15360 3.560248
15872 3.649689
16384 191.417391
16896 4.105590
17408 3.472050
17920 3.367702
18432 3.402484
18944 3.409938
19456 3.440994
19968 3.434783
20480 192.125466
20992 4.368944
21504 3.300621
22016 3.568944
22528 3.597516
23040 3.542857
23552 3.503106
24064 3.516770
24576 190.746584
25088 4.395031
25600 3.424845
26112 3.457143
26624 3.540373
27136 3.718012
27648 3.433540
28160 3.488199
28672 192.934161
29184 4.187578
29696 3.515528
30208 3.657143
30720 3.906832
31232 3.572671
31744 3.403727
32256 3.567702
32768 191.585093
33280 4.264596
33792 3.503106
34304 3.542857
34816 3.486957
35328 3.436025
35840 3.452174
36352 3.473292
36864 198.696894
37376 4.203727
37888 3.566460
38400 3.474534
38912 3.457143
39424 3.422360
39936 3.412422
40448 3.499379
40960 184.238509
41472 4.381366
41984 3.452174
42496 3.395031
43008 3.484472
43520 3.877019
44032 3.490683
44544 3.438509
45056 182.196273
45568 4.288199
46080 3.503106
46592 3.464596
47104 3.373913
47616 3.313043
48128 3.444720
48640 3.347826
49152 192.267081
49664 4.254658
50176 3.672050
50688 3.495652
