512 4.849197
1024 8.343634
1536 3.988875
2048 3.412855
2560 3.180470
3072 3.247219
3584 3.511743
4096 292.137206
4608 4.244747
5120 3.228677
5632 3.328801
6144 3.553770
6656 3.360939
7168 3.152040
7680 3.281829
8192 225.234858
8704 3.474660
9216 3.358467
9728 3.262052
10240 3.185414
10752 3.228677
11264 3.306551
11776 3.364648
12288 218.765142
12800 3.619283
13312 3.438813
13824 3.114957
14336 3.598269
14848 3.149567
15360 3.066749
15872 3.101360
16384 192.112485
16896 3.598269
17408 3.284302
17920 3.437577
18432 3.351051
18944 3.070457
19456 6.254635
19968 3.927070
20480 203.161928
20992 3.986403
21504 3.474660
22016 3.263288
22528 3.299135
23040 3.169345
23552 3.291718
24064 3.171817
24576 270.119901
25088 4.045735
25600 3.566131
26112 3.278121
26624 3.168109
27136 3.707046
27648 3.234858
28160 3.135970
28672 1522.378245
29184 6.355995
29696 3.182942
30208 3.599506
30720 3.271941
31232 2.886279
31744 3.363412
32256 3.009889
32768 364.395550
33280 4.410383
33792 3.192831
34304 3.309023
34816 3.242274
35328 3.402967
35840 3.411619
36352 3.419036
36864 314.594561
37376 4.390606
37888 3.407911
38400 3.472188
38912 3.610630
39424 3.276885
39936 3.435105
40448 3.316440
40960 350.669963
41472 4.050680
41984 3.441286
42496 3.226205
43008 3.440049
43520 3.443758
44032 3.228677
44544 3.009889
45056 214.496910
45568 3.906057
46080 3.348578
46592 3.211372
47104 3.259580
47616 3.112485
48128 3.297899
48640 3.312732
49152 236.812114
49664 4.034611
50176 3.043263
50688 3.205192
