512 4.558714
1024 10.686032
1536 3.648949
2048 3.530284
2560 3.338690
3072 3.564895
3584 3.634116
4096 265.023486
4608 3.943140
5120 3.641533
5632 3.500618
6144 3.285538
6656 3.388133
7168 3.291718
7680 3.511743
8192 221.022250
8704 3.908529
9216 3.252163
9728 3.564895
10240 3.348578
10752 3.512979
11264 3.751545
11776 3.512979
12288 214.388133
12800 3.650185
13312 3.425216
13824 3.250927
14336 3.244747
14848 3.265760
15360 3.402967
15872 3.186650
16384 194.383189
16896 3.927070
17408 3.389370
17920 3.276885
18432 3.334981
18944 3.207664
19456 3.572311
19968 3.250927
20480 189.808405
20992 3.964153
21504 3.368356
22016 3.652658
22528 3.431397
23040 3.315204
23552 3.516687
24064 3.677379
24576 195.304079
25088 4.011125
25600 3.390606
26112 3.192831
26624 3.142151
27136 2.982695
27648 3.022250
28160 3.008653
28672 186.891224
29184 3.835600
29696 3.252163
30208 3.458591
30720 3.250927
31232 3.430161
31744 3.475896
32256 3.372064
32768 194.196539
33280 3.812114
33792 3.375773
34304 3.190358
34816 3.173053
35328 3.318912
35840 3.341162
36352 3.177998
36864 192.289246
37376 3.809642
37888 3.186650
38400 3.243511
38912 3.444994
39424 3.220025
39936 3.128554
40448 3.149567
40960 195.237330
41472 3.896168
41984 3.138443
42496 3.118665
43008 3.364648
43520 3.285538
44032 3.143387
44544 3.169345
45056 184.825711
45568 3.878863
46080 3.186650
46592 3.326329
47104 3.207664
47616 3.339926
48128 3.218789
48640 3.316440
49152 194.938195
49664 4.103832
50176 3.252163
50688 3.301607
