512 3.779703
1024 5.155941
1536 3.617574
2048 3.259901
2560 3.220297
3072 3.254950
3584 3.191832
4096 241.323020
4608 3.769802
5120 3.137376
5632 3.341584
6144 3.056931
6656 3.198020
7168 4.346535
7680 3.179455
8192 186.683168
8704 3.837871
9216 3.096535
9728 3.132426
10240 3.103960
10752 3.189356
11264 3.272277
11776 3.167079
12288 193.297030
12800 3.669554
13312 3.123762
13824 3.215347
14336 2.920792
14848 2.987624
15360 3.186881
15872 2.990099
16384 219.122525
16896 4.047030
17408 2.954208
17920 3.284653
18432 3.094059
18944 3.033416
19456 3.065594
19968 3.077970
20480 170.585396
20992 3.819307
21504 3.252475
22016 3.155941
22528 3.068069
23040 3.068069
23552 3.037129
24064 3.226485
24576 200.933168
25088 3.834158
25600 2.970297
26112 3.376238
26624 3.202970
27136 3.399752
27648 3.210396
28160 3.301980
28672 182.586634
29184 3.861386
29696 3.386139
30208 3.202970
30720 3.101485
31232 3.118812
31744 2.985149
32256 3.091584
32768 199.266089
33280 3.719059
33792 3.337871
34304 3.013614
34816 3.131188
35328 3.158416
35840 2.969059
36352 2.978960
36864 192.585396
37376 3.648515
37888 3.037129
38400 3.242574
38912 3.076733
39424 3.168317
39936 3.102723
40448 3.451733
40960 194.324257
41472 3.579208
41984 3.043317
42496 3.282178
43008 3.237624
43520 3.169554
44032 3.219059
44544 3.152228
45056 184.477723
45568 3.766089
46080 3.209158
46592 2.980198
47104 3.394802
47616 3.228960
48128 3.256188
48640 3.337871
49152 192.417079
49664 3.767327
50176 3.116337
50688 3.204208
