512 3.804969
1024 5.464596
1536 3.613665
2048 3.165217
2560 3.546584
3072 3.513043
3584 3.535404
4096 243.448447
4608 3.785093
5120 3.062112
5632 3.916770
6144 3.478261
6656 3.791304
7168 3.537888
7680 3.572671
8192 185.351553
8704 4.195031
9216 2.998758
9728 3.062112
10240 3.556522
10752 3.108075
11264 3.586335
11776 3.416149
12288 178.067081
12800 4.324224
13312 3.693168
13824 3.496894
14336 3.371429
14848 3.294410
15360 3.329193
15872 3.428571
16384 192.043478
16896 4.238509
17408 3.601242
17920 3.545342
18432 3.478261
18944 3.509317
19456 3.322981
19968 3.714286
20480 190.993789
20992 4.381366
21504 3.412422
22016 3.418634
22528 3.557764
23040 3.409938
23552 3.390062
24064 3.565217
24576 191.291925
25088 4.303106
25600 3.565217
26112 3.439752
26624 3.527950
27136 3.572671
27648 3.469565
28160 3.608696
28672 191.231056
29184 4.288199
29696 3.534161
30208 3.601242
30720 3.725466
31232 3.177640
31744 3.604969
32256 3.673292
32768 191.192547
33280 4.401242
33792 3.345342
34304 3.539130
34816 3.479503
35328 3.778882
35840 3.432298
36352 3.346584
36864 192.966460
37376 4.308075
37888 3.526708
38400 3.608696
38912 3.652174
39424 3.565217
39936 3.640994
40448 3.637267
40960 190.509317
41472 4.438509
41984 3.631056
42496 3.742857
43008 3.457143
43520 3.777640
44032 3.683230
44544 3.526708
45056 183.326708
45568 4.436025
46080 3.368944
46592 3.493168
47104 3.351553
47616 3.268323
48128 3.445963
48640 3.506832
49152 191.915528
49664 4.383851
50176 3.491925
50688 3.407453
