512 3.869565
1024 5.549068
1536 3.945342
2048 3.654658
2560 3.710559
3072 3.655901
3584 3.576398
4096 224.776398
4608 4.889441
5120 4.100621
5632 3.628571
6144 3.833540
6656 3.739130
7168 3.880745
7680 3.740373
8192 182.258385
8704 4.277019
9216 3.775155
9728 3.782609
10240 3.618634
10752 3.644720
11264 3.691925
11776 3.664596
12288 190.195031
12800 4.002484
13312 3.823602
13824 3.776398
14336 3.614907
14848 3.709317
15360 3.714286
15872 3.664596
16384 193.727950
16896 4.600000
17408 3.834783
17920 3.853416
18432 3.844720
18944 3.773913
19456 3.545342
19968 3.580124
20480 185.489441
20992 3.993789
21504 3.729193
22016 3.631056
22528 3.715528
23040 3.780124
23552 3.759006
24064 3.809938
24576 190.657143
25088 4.757764
25600 3.521739
26112 3.905590
26624 3.644720
27136 3.633540
27648 3.868323
28160 3.755280
28672 190.083230
29184 4.719255
29696 3.762733
30208 3.545342
30720 4.028571
31232 3.975155
31744 4.125466
32256 3.561491
32768 191.054658
33280 4.227329
33792 3.773913
34304 4.039752
34816 3.719255
35328 3.721739
35840 3.781366
36352 3.746584
36864 190.772671
37376 4.649689
37888 3.888199
38400 3.714286
38912 3.877019
39424 3.731677
39936 3.590062
40448 3.644720
40960 190.544099
41472 4.551553
41984 3.814907
42496 3.618634
43008 3.899379
43520 3.782609
44032 3.819876
44544 3.720497
45056 174.888199
45568 4.929193
46080 3.650932
46592 3.684472
47104 4.116770
47616 3.561491
48128 3.750311
48640 4.024845
49152 175.862112
49664 4.566460
50176 3.637267
50688 3.690683
