512 3.905590
1024 5.281988
1536 4.021118
2048 3.968944
2560 3.664596
3072 3.802484
3584 3.987578
4096 207.911801
4608 4.114286
5120 3.905590
5632 3.624845
6144 4.080745
6656 3.613665
7168 3.915528
7680 3.742857
8192 214.551553
8704 4.392547
9216 3.737888
9728 3.375155
10240 3.274534
10752 3.731677
11264 4.074534
11776 3.771429
12288 212.526708
12800 4.552795
13312 3.823602
13824 3.913043
14336 3.621118
14848 3.808696
15360 4.110559
15872 3.583851
16384 213.840994
16896 3.771429
17408 3.416149
17920 3.412422
18432 3.311801
18944 3.875776
19456 3.795031
19968 3.836025
20480 183.129193
20992 4.424845
21504 3.669565
22016 3.650932
22528 3.659627
23040 3.673292
23552 3.645963
24064 3.780124
24576 180.949068
25088 4.525466
25600 3.715528
26112 3.672050
26624 3.696894
27136 3.649689
27648 3.660870
28160 3.640994
28672 189.963975
29184 4.592547
29696 3.654658
30208 3.705590
30720 3.535404
31232 3.680745
31744 3.534161
32256 3.303106
32768 192.252174
33280 4.277019
33792 3.608696
34304 3.776398
34816 4.016149
35328 3.899379
35840 3.945342
36352 3.845963
36864 190.313043
37376 4.534161
37888 3.744099
38400 3.629814
38912 4.091925
39424 3.524224
39936 3.681988
40448 3.686957
40960 190.155280
41472 4.911801
41984 3.463354
42496 3.791304
43008 3.660870
43520 3.807453
44032 3.791304
44544 3.582609
45056 181.831056
45568 4.419876
46080 3.537888
46592 3.691925
47104 3.556522
47616 3.778882
48128 3.911801
48640 3.401242
49152 190.909317
49664 5.031056
50176 3.603727
50688 3.659627
