512 4.141615
1024 4.985093
1536 3.927950
2048 3.612422
2560 3.432298
3072 3.567702
3584 3.698137
4096 225.190062
4608 4.055901
5120 3.603727
5632 3.555280
6144 3.582609
6656 3.677019
7168 3.581366
7680 3.593789
8192 193.601242
8704 4.449689
9216 3.570186
9728 3.326708
10240 3.527950
10752 3.530435
11264 3.690683
11776 3.643478
12288 188.771429
12800 4.254658
13312 3.715528
13824 3.855901
14336 3.759006
14848 3.681988
15360 3.721739
15872 3.693168
16384 189.113043
16896 4.322981
17408 3.618634
17920 3.645963
18432 3.644720
18944 3.627329
19456 3.624845
19968 3.649689
20480 191.740373
20992 4.222360
21504 3.527950
22016 3.604969
22528 3.336646
23040 3.546584
23552 3.444720
24064 3.619876
24576 192.342857
25088 4.491925
25600 3.881988
26112 3.416149
26624 3.505590
27136 3.679503
27648 3.393789
28160 3.508075
28672 191.183851
29184 3.988820
29696 3.290683
30208 3.596273
30720 3.442236
31232 3.678261
31744 3.612422
32256 3.479503
32768 191.963975
33280 4.555280
33792 3.727950
34304 3.413665
34816 3.465839
35328 3.700621
35840 3.375155
36352 3.504348
36864 192.058385
37376 4.318012
37888 3.602484
38400 3.522981
38912 3.585093
39424 3.499379
39936 3.586335
40448 3.583851
40960 192.278261
41472 4.355280
41984 3.606211
42496 3.572671
43008 3.595031
43520 3.327950
44032 3.474534
44544 3.094410
45056 183.587578
45568 4.488199
46080 3.744099
46592 3.745342
47104 3.763975
47616 3.619876
48128 3.675776
48640 3.619876
49152 190.063354
49664 3.895652
50176 3.729193
50688 3.597516
