512 3.849689
1024 4.808696
1536 3.551553
2048 3.372671
2560 3.710559
3072 3.483230
3584 3.883230
4096 217.826087
4608 4.069565
5120 3.623602
5632 3.454658
6144 3.493168
6656 3.500621
7168 3.576398
7680 3.544099
8192 179.803727
8704 4.142857
9216 3.519255
9728 3.161491
10240 3.060870
10752 3.422360
11264 3.450932
11776 3.460870
12288 192.355280
12800 4.152795
13312 3.588820
13824 3.621118
14336 3.704348
14848 3.473292
15360 3.680745
15872 3.542857
16384 189.587578
16896 4.472050
17408 3.439752
17920 3.663354
18432 3.854658
18944 3.459627
19456 3.503106
19968 3.552795
20480 192.978882
20992 3.986335
21504 3.582609
22016 3.509317
22528 3.591304
23040 3.545342
23552 3.578882
24064 3.486957
24576 190.833540
25088 3.998758
25600 3.457143
26112 3.484472
26624 3.562733
27136 3.624845
27648 3.638509
28160 3.598758
28672 192.546584
29184 4.232298
29696 3.603727
30208 3.575155
30720 3.577640
31232 3.518012
31744 3.154037
32256 3.555280
32768 192.357764
33280 4.453416
33792 3.551553
34304 3.493168
34816 3.505590
35328 3.601242
35840 3.457143
36352 3.493168
36864 191.274534
37376 4.422360
37888 3.649689
38400 3.495652
38912 3.580124
39424 3.448447
39936 3.598758
40448 3.529193
40960 193.111801
41472 4.221118
41984 3.739130
42496 3.463354
43008 3.616149
43520 3.361491
44032 3.729193
44544 3.514286
45056 186.275776
45568 3.879503
46080 3.488199
46592 3.470807
47104 3.166460
47616 3.248447
48128 3.465839
48640 3.664596
49152 188.491925
49664 4.362733
50176 3.453416
50688 3.516770
