512 4.193548
1024 7.271712
1536 3.730769
2048 3.018610
2560 3.239454
3072 3.163772
3584 3.249380
4096 267.827543
4608 3.765509
5120 3.040943
5632 3.328784
6144 3.148883
6656 3.152605
7168 3.093052
7680 2.864764
8192 202.333747
8704 3.937965
9216 3.650124
9728 3.430521
10240 3.557072
10752 3.060794
11264 3.590571
11776 3.188586
12288 217.390819
12800 3.697270
13312 3.384615
13824 3.364764
14336 3.225806
14848 3.089330
15360 3.433002
15872 3.339950
16384 212.676179
16896 3.673697
17408 3.137717
17920 3.112903
18432 3.224566
18944 2.851117
19456 3.142680
19968 3.038462
20480 201.633995
20992 3.815136
21504 3.096774
22016 3.037221
22528 2.970223
23040 3.129032
23552 3.053350
24064 3.210918
24576 191.753102
25088 3.705955
25600 3.023573
26112 3.338710
26624 3.069479
27136 3.210918
27648 3.431762
28160 3.033499
28672 192.904467
29184 3.559553
29696 3.110422
30208 3.141439
30720 3.210918
31232 2.898263
31744 3.138958
32256 3.235732
32768 196.552109
33280 3.642680
33792 3.085608
34304 3.052109
34816 3.218362
35328 2.904467
35840 2.885856
36352 3.239454
36864 212.687345
37376 3.760546
37888 3.143921
38400 3.318859
38912 2.833747
39424 3.047146
39936 3.095533
40448 3.198511
40960 180.361042
41472 3.794045
41984 2.982630
42496 3.112903
43008 2.993797
43520 3.488834
44032 3.019851
44544 3.157568
45056 184.440447
45568 3.640199
46080 2.878412
46592 3.016129
47104 2.915633
47616 3.138958
48128 3.172457
48640 2.874690
49152 193.334988
49664 3.739454
50176 3.210918
50688 2.972705
