512 3.844720
1024 5.320497
1536 3.699379
2048 4.134161
2560 3.642236
3072 3.675776
3584 3.727950
4096 221.537888
4608 3.930435
5120 3.689441
5632 3.416149
6144 3.606211
6656 3.535404
7168 3.501863
7680 3.536646
8192 219.445963
8704 4.572671
9216 3.638509
9728 3.650932
10240 3.385093
10752 3.452174
11264 3.628571
11776 3.644720
12288 211.778882
12800 4.366460
13312 3.644720
13824 3.526708
14336 3.627329
14848 3.496894
15360 3.524224
15872 3.698137
16384 193.571429
16896 4.122981
17408 3.686957
17920 3.628571
18432 3.683230
18944 3.649689
19456 3.690683
19968 3.677019
20480 190.880745
20992 4.136646
21504 3.865839
22016 3.660870
22528 3.662112
23040 3.636025
23552 3.662112
24064 3.664596
24576 190.222360
25088 4.498137
25600 3.520497
26112 3.576398
26624 3.608696
27136 3.513043
27648 3.650932
28160 3.643478
28672 191.500621
29184 3.963975
29696 3.627329
30208 3.499379
30720 3.555280
31232 3.510559
31744 3.188820
32256 3.524224
32768 193.535404
33280 4.142857
33792 3.781366
34304 3.529193
34816 3.559006
35328 3.647205
35840 3.499379
36352 3.622360
36864 190.791304
37376 4.278261
37888 3.629814
38400 3.464596
38912 3.657143
39424 3.470807
39936 3.611180
40448 3.432298
40960 192.940373
41472 3.961491
41984 3.596273
42496 3.452174
43008 3.659627
43520 3.192547
44032 3.546584
44544 3.626087
45056 185.187578
45568 4.130435
46080 3.575155
46592 3.674534
47104 3.628571
47616 3.536646
48128 3.500621
48640 3.944099
49152 191.749068
49664 4.376398
50176 3.557764
50688 3.650932
