512 3.905707
1024 5.075682
1536 3.892060
2048 3.643921
2560 3.930521
3072 3.859801
3584 3.960298
4096 200.753102
4608 4.406948
5120 3.756824
5632 3.585608
6144 3.493797
6656 3.633995
7168 3.697270
7680 3.689826
8192 487.611663
8704 4.532258
9216 4.124069
9728 3.506203
10240 3.816377
10752 3.506203
11264 3.812655
11776 3.688586
12288 214.516129
12800 4.533499
13312 3.720844
13824 3.935484
14336 4.000000
14848 3.919355
15360 4.012407
15872 3.919355
16384 190.062035
16896 4.504963
17408 3.686104
17920 3.602978
18432 3.630273
18944 3.806452
19456 3.771712
19968 3.831266
20480 189.264268
20992 4.308933
21504 3.764268
22016 3.574442
22528 3.491315
23040 3.593052
23552 3.589330
24064 3.734491
24576 213.253102
25088 3.856079
25600 3.291563
26112 3.590571
26624 3.521092
27136 3.569479
27648 3.588089
28160 3.700993
28672 180.048387
29184 4.457816
29696 3.620347
30208 3.661290
30720 4.093052
31232 3.492556
31744 3.700993
32256 3.370968
32768 186.503722
33280 4.409429
33792 3.667494
34304 3.617866
34816 3.607940
35328 3.671216
35840 3.780397
36352 3.806452
36864 188.795285
37376 4.437965
37888 3.689826
38400 3.553350
38912 3.632754
39424 3.728288
39936 3.815136
40448 3.960298
40960 453.028536
41472 4.425558
41984 3.667494
42496 3.560794
43008 3.650124
43520 3.140199
44032 3.715881
44544 3.648883
45056 173.504963
45568 4.178660
46080 3.808933
46592 3.767990
47104 3.548387
47616 3.511166
48128 3.602978
48640 3.589330
49152 214.014888
49664 4.053350
50176 3.297767
50688 3.192308
