512 3.744099
1024 5.332919
1536 3.731677
2048 3.690683
2560 3.279503
3072 3.459627
3584 3.655901
4096 228.378882
4608 4.192547
5120 3.600000
5632 3.662112
6144 3.703106
6656 3.566460
7168 3.511801
7680 3.540373
8192 179.371429
8704 4.077019
9216 3.621118
9728 3.591304
10240 3.373913
10752 3.525466
11264 3.469565
11776 3.621118
12288 190.869565
12800 4.214907
13312 3.727950
13824 3.518012
14336 3.104348
14848 3.609938
15360 3.468323
15872 3.583851
16384 190.535404
16896 4.270807
17408 3.472050
17920 3.424845
18432 3.403727
18944 3.335404
19456 3.055901
19968 3.407453
20480 192.591304
20992 4.188820
21504 3.634783
22016 3.524224
22528 3.060870
23040 3.541615
23552 3.459627
24064 3.597516
24576 193.057143
25088 4.224845
25600 3.532919
26112 3.608696
26624 3.539130
27136 3.503106
27648 3.437267
28160 3.597516
28672 191.141615
29184 4.452174
29696 3.458385
30208 3.511801
30720 3.514286
31232 3.614907
31744 3.472050
32256 3.640994
32768 190.930435
33280 4.305590
33792 3.576398
34304 3.500621
34816 3.422360
35328 3.438509
35840 3.437267
36352 3.465839
36864 192.510559
37376 4.300621
37888 3.495652
38400 3.516770
38912 3.525466
39424 3.693168
39936 3.486957
40448 3.643478
40960 191.679503
41472 4.464596
41984 3.265839
42496 3.561491
43008 3.494410
43520 3.649689
44032 3.313043
44544 3.590062
45056 184.311801
45568 4.299379
46080 3.562733
46592 3.514286
47104 3.001242
47616 3.501863
48128 3.337888
48640 3.606211
49152 192.460870
49664 4.314286
50176 3.732919
50688 3.474534
