512 4.072050
1024 5.166460
1536 3.727950
2048 3.684472
2560 3.639752
3072 3.662112
3584 4.120497
4096 390.350311
4608 4.603727
5120 3.121739
5632 3.546584
6144 4.045963
6656 3.168944
7168 3.673292
7680 3.745342
8192 183.869565
8704 4.381366
9216 3.329193
9728 3.787578
10240 4.023602
10752 3.798758
11264 3.947826
11776 3.826087
12288 190.452174
12800 4.701863
13312 3.770186
13824 3.360248
14336 3.568944
14848 3.631056
15360 3.617391
15872 3.703106
16384 189.187578
16896 4.278261
17408 3.654658
17920 22.308075
18432 3.797516
18944 3.546584
19456 4.037267
19968 3.652174
20480 174.224845
20992 4.346584
21504 3.849689
22016 3.587578
22528 3.535404
23040 3.592547
23552 3.596273
24064 3.726708
24576 184.927950
25088 4.595031
25600 3.597516
26112 3.655901
26624 3.839752
27136 3.776398
27648 3.883230
28160 3.802484
28672 190.145342
29184 4.039752
29696 3.647205
30208 3.690683
30720 5.048447
31232 3.913043
31744 3.936646
32256 3.833540
32768 189.075776
33280 4.349068
33792 3.765217
34304 3.573913
34816 3.700621
35328 3.679503
35840 3.536646
36352 3.773913
36864 190.596273
37376 4.367702
37888 3.703106
38400 3.706832
38912 3.576398
39424 3.556522
39936 3.632298
40448 3.609938
40960 191.770186
41472 4.335404
41984 3.478261
42496 3.581366
43008 3.855901
43520 3.172671
44032 3.552795
44544 3.735404
45056 183.224845
45568 4.417391
46080 3.693168
46592 3.576398
47104 3.660870
47616 3.595031
48128 3.894410
48640 3.817391
49152 191.804969
49664 4.301863
50176 3.516770
50688 3.604969
