512 3.966460
1024 5.562733
1536 3.657143
2048 3.527950
2560 3.573913
3072 3.540373
3584 3.588820
4096 196.498137
4608 4.397516
5120 3.547826
5632 3.532919
6144 3.580124
6656 3.460870
7168 3.280745
7680 3.401242
8192 181.709317
8704 4.303106
9216 3.603727
9728 3.691925
10240 3.469565
10752 3.412422
11264 3.560248
11776 3.680745
12288 193.385093
12800 4.295652
13312 3.586335
13824 3.448447
14336 3.555280
14848 3.154037
15360 3.672050
15872 3.544099
16384 187.458385
16896 4.310559
17408 3.624845
17920 3.555280
18432 3.565217
18944 3.530435
19456 3.567702
19968 3.563975
20480 189.777640
20992 4.265839
21504 3.414907
22016 3.626087
22528 3.582609
23040 3.551553
23552 3.534161
24064 3.440994
24576 192.273292
25088 4.202484
25600 3.493168
26112 3.688199
26624 3.146584
27136 3.520497
27648 3.376398
28160 3.402484
28672 192.447205
29184 4.518012
29696 3.737888
30208 3.498137
30720 3.468323
31232 3.623602
31744 3.590062
32256 3.549068
32768 192.031056
33280 3.872050
33792 3.434783
34304 3.475776
34816 3.662112
35328 3.757764
35840 3.514286
36352 3.559006
36864 192.057143
37376 4.300621
37888 3.567702
38400 3.475776
38912 3.691925
39424 3.573913
39936 3.555280
40448 3.479503
40960 190.638509
41472 4.212422
41984 3.586335
42496 3.555280
43008 3.618634
43520 3.089441
44032 3.568944
44544 3.192547
45056 183.231056
45568 4.371429
46080 3.505590
46592 3.511801
47104 3.217391
47616 3.652174
48128 3.495652
48640 3.614907
49152 192.481988
49664 4.388820
50176 3.614907
50688 3.486957
