512 4.437965
1024 7.081886
1536 3.348635
2048 3.269231
2560 3.375931
3072 3.495037
3584 3.045906
4096 308.187345
4608 3.795285
5120 3.090571
5632 3.167494
6144 3.182382
6656 2.950372
7168 3.033499
7680 3.272953
8192 228.339950
8704 3.602978
9216 3.058313
9728 3.044665
10240 3.460298
10752 3.218362
11264 2.811414
11776 3.142680
12288 194.121588
12800 3.725806
13312 3.225806
13824 3.209677
14336 3.326303
14848 2.877171
15360 3.174938
15872 2.904467
16384 194.461538
16896 3.791563
17408 3.209677
17920 3.135236
18432 3.110422
18944 3.586849
19456 3.070720
19968 2.826303
20480 194.890819
20992 3.908189
21504 3.519851
22016 3.394541
22528 3.232010
23040 3.388337
23552 3.255583
24064 3.050868
24576 211.372208
25088 3.838710
25600 4.256824
26112 3.333747
26624 3.315136
27136 3.492556
27648 3.037221
28160 3.065757
28672 178.307692
29184 3.529777
29696 3.104218
30208 2.967742
30720 3.040943
31232 3.227047
31744 2.985112
32256 3.194789
32768 188.951613
33280 3.692308
33792 3.465261
34304 3.031017
34816 3.327543
35328 2.954094
35840 4.024814
36352 3.057072
36864 196.607940
37376 4.143921
37888 3.372208
38400 3.014888
38912 3.331266
39424 3.239454
39936 3.068238
40448 3.416873
40960 192.471464
41472 3.663772
41984 3.009926
42496 3.083127
43008 3.152605
43520 3.746898
44032 3.104218
44544 2.967742
45056 182.435484
45568 3.897022
46080 2.931762
46592 2.975186
47104 2.977667
47616 2.988834
48128 2.971464
48640 3.169975
49152 200.323821
49664 3.562035
50176 3.136476
50688 3.029777
