0 0 32.873925 22.953187 25.224618 24.177896 24.883134 24.274809 24.670428 22.636454 24.243028 14753.602190
4  13.707148 13.012948 7.248507 7.034517 7.360558 8.781945 8.040159 7.576910 7.998008 9.445919
8  5.767704 5.737052 5.429662 5.518420 5.530212 5.732493 5.540989 5.624545 5.592629 5.646317
12  5.363005 5.206507 5.332780 5.398938 5.968459 5.451377 5.444076 5.348991 5.425963 5.335103
16  5.316016 5.510624 5.384871 5.454033 5.438247 5.408895 5.356787 5.292094 5.321381 5.225614
20  5.246525 5.388446 5.267750 5.431464 5.323705 5.297046 5.284434 5.281839 5.124502 7.213670
24  5.025811 5.124502 5.064035 5.132758 6.944555 5.252240 5.195154 5.205094 5.139442 5.143663
28  5.080079 5.301461 5.270405 5.488882 8.662683 5.217391 5.147693 5.306649 5.107238 5.071334
32  8.916942 8.592961 7.654280 7.450382 7.345618 7.604713 7.487554 7.257029 7.420319 7.783676
36  5.154533 5.388446 5.459522 5.142715 5.527888 5.324593 5.189844 5.242144 5.142098 5.780358
40  5.286234 5.430611 5.150962 5.249917 5.278884 5.202456 5.244939 5.296725 5.154382 5.036496
44  5.306089 5.632470 5.369940 5.107866 5.318725 5.334550 5.769997 5.142904 5.644754 5.280358
48  10.845467 14.083665 10.869277 10.810488 10.804117 13.887156 14.273150 10.635792 11.611222 10.742535
52  6.753144 5.926295 6.139018 6.093594 6.225100 5.901759 6.013940 5.904730 6.130478 5.837757
56  5.601257 5.724436 6.258461 6.245602 6.003652 5.486226 5.695320 5.577241 5.542829 7.609489
60  7.606552 7.138778 7.124088 7.251245 7.206175 7.686691 7.636907 7.328812 7.395418 7.032183
64  5.668432 5.732072 5.698407 5.615665 5.672311 5.678062 6.265184 5.785643 5.821713 5.673524
68  5.710788 5.644754 5.454545 5.598075 5.634794 5.518752 7.495188 5.785643 5.712151 5.700730
72  5.544341 5.861554 6.086596 5.620644 5.936255 5.867242 6.131099 5.644062 5.512948 5.583942
76  5.519523 5.669655 6.106503 5.857285 5.654714 5.802191 6.188185 6.026133 5.986056 5.546450
80  5.445069 5.619854 5.666224 5.640558 5.597610 6.145702 5.697975 5.336752 5.933599 5.730922
84  5.978491 5.667331 5.586264 5.635579 5.597610 5.436442 5.401593 5.371154 5.719788 5.583942
88  6.082727 5.858898 5.661248 5.760040 5.833997 5.722868 5.635579 7.455508 5.679947 5.514267
92  7.179682 7.136454 6.969808 7.310654 7.547477 7.397942 7.597079 7.261991 7.253652 6.870604
96  6.085374 5.592629 5.715660 5.645536 5.886454 6.051444 7.823432 6.055905 5.607570 6.046782
